200	16896
415	530
942	50
657	947
338	395
343	124
610	419
448	461
248	381
546	178
838	844
953	472
354	877
687	585
287	378
185	992
27	948
128	9
121	532
593	648
146	456
232	678
963	696
561	938
841	574
522	75
126	292
320	554
336	74
464	303
413	920
773	896
759	21
912	280
935	876
951	236
780	817
395	810
695	616
327	84
317	583
566	195
859	145
699	378
865	162
134	311
253	21
964	212
194	598
172	357
735	158
804	847
663	686
901	140
834	715
11	130
240	670
905	281
249	621
107	653
411	959
688	826
923	77
510	836
363	532
497	434
914	523
373	867
45	228
685	202
538	272
715	728
663	998
340	588
267	757
872	770
139	689
992	495
955	50
92	71
707	130
864	927
524	375
157	415
711	947
128	832
148	436
66	534
17	837
466	428
511	135
999	797
768	927
511	437
229	393
661	605
156	283
579	467
975	737
942	715
622	570
717	644
530	829
985	797
788	758
172	626
629	341
400	420
4	47
628	969
672	550
494	90
987	752
856	208
16	360
456	786
409	255
851	246
473	954
625	71
892	955
233	200
825	129
81	716
583	632
702	178
462	845
227	5
649	146
206	477
128	338
60	962
687	916
533	437
816	240
566	633
396	76
235	563
382	717
620	313
92	29
897	254
909	100
396	547
838	365
244	148
989	245
623	525
217	296
700	780
507	284
422	446
41	770
2	947
114	129
87	1000
736	405
316	353
28	822
562	90
771	17
796	896
357	458
401	517
342	584
772	745
86	907
171	496
320	169
744	940
982	955
707	426
675	746
539	380
752	463
922	794
820	947
411	991
299	749
499	635
150	626
899	711
123	212
163	514
469	281
142	361
145	992
841	774
921	41
403	762
374	194
622	246
284	678
958	823
347	776
579	174
557	378
417	251
981	517
535	287
63	589
