200	16349
21	221
104	250
282	518
996	953
924	189
876	429
242	659
419	430
484	432
152	507
803	958
62	708
756	570
733	288
988	73
378	341
531	512
717	601
615	698
644	766
723	140
255	248
609	704
376	684
950	16
125	455
665	525
123	660
909	482
318	1
714	284
704	551
712	835
969	901
865	982
600	809
727	440
436	430
932	937
827	855
608	34
571	106
990	208
140	693
149	66
50	986
373	556
257	853
167	165
231	416
581	414
54	193
307	545
442	814
251	348
272	742
565	379
567	962
762	488
771	180
914	733
361	345
81	656
141	132
442	764
860	691
471	690
598	793
104	13
344	689
599	94
202	860
638	992
741	224
646	537
903	671
412	492
71	317
230	652
458	196
231	709
13	863
25	166
575	232
91	53
268	129
644	473
254	691
60	572
227	335
215	483
43	635
357	375
809	821
84	246
510	526
47	792
415	948
572	996
362	407
63	62
134	308
980	400
748	293
555	117
991	851
348	993
351	954
578	173
748	985
398	714
948	391
127	822
929	138
769	57
189	10
642	99
786	917
366	17
271	958
460	347
96	718
860	79
231	197
518	682
492	171
307	212
30	393
90	527
658	408
597	289
89	562
171	698
942	20
869	78
682	8
951	748
256	438
606	352
967	522
332	997
340	472
825	854
906	916
895	191
11	29
453	303
298	827
561	129
544	755
183	419
935	693
551	536
714	489
11	808
950	881
378	314
962	46
524	611
13	805
900	479
399	779
897	764
382	512
890	610
838	428
797	282
203	929
484	623
319	884
651	919
183	178
361	16
563	184
23	290
693	383
293	576
836	804
351	262
668	383
216	24
799	120
765	361
940	594
67	449
587	772
727	773
728	376
842	83
299	273
166	242
53	241
952	459
305	555
831	695
513	739
961	426
189	912
522	724
75	29
