200	64554
487	19
753	83
17	850
414	671
61	973
535	218
177	77
217	800
475	352
407	861
30	797
573	128
940	497
838	937
415	340
569	132
635	572
553	372
610	725
598	93
708	786
27	37
709	857
352	496
818	107
493	14
278	71
763	859
354	432
464	616
90	69
696	941
787	378
351	668
992	504
305	447
563	979
627	579
323	69
426	96
832	436
100	825
389	312
748	769
761	981
4	133
976	122
23	696
104	25
581	628
70	281
357	752
208	198
698	582
630	715
708	520
87	455
88	522
652	932
447	447
699	486
62	626
314	431
275	554
141	976
640	210
430	354
930	224
200	911
723	93
348	549
925	187
401	765
715	693
912	786
754	182
839	374
233	706
56	827
559	442
981	228
825	42
412	548
818	854
63	405
452	602
925	514
760	151
650	449
77	133
414	431
861	441
558	582
317	631
115	662
686	982
324	173
4	391
808	115
50	889
578	338
137	546
885	317
586	941
808	214
896	145
341	279
381	199
12	320
310	109
832	94
268	509
205	898
482	887
771	286
368	318
993	689
231	408
771	25
675	575
681	714
103	580
393	837
966	681
344	93
952	738
777	714
190	418
912	856
897	710
38	308
127	831
688	797
452	179
457	880
695	715
355	438
193	276
889	16
27	55
681	342
372	221
451	501
184	513
291	369
640	610
648	379
627	775
685	345
308	359
531	115
745	450
354	924
492	706
961	235
561	584
533	701
852	799
126	497
770	18
811	484
54	43
624	328
872	922
748	39
400	717
287	594
774	702
202	891
574	822
3	343
998	722
625	339
460	490
582	520
360	256
498	814
494	9
623	917
16	764
753	389
896	537
679	216
711	437
880	21
628	264
829	764
193	560
220	532
412	357
616	791
546	854
627	294
329	605
245	396
918	845
139	26
493	873
221	243
769	303
