200	65980
402	19
898	905
424	242
396	180
416	5
672	591
476	666
181	443
103	964
157	912
847	862
358	214
402	869
743	455
344	591
561	406
985	230
20	615
818	982
882	18
455	526
534	990
168	472
744	772
808	706
782	814
581	716
252	713
229	262
413	404
893	750
726	855
698	6
961	661
912	887
694	231
988	269
368	286
504	443
346	555
982	714
678	69
820	929
307	536
367	185
740	765
6	701
170	301
647	25
292	279
113	235
831	551
718	105
41	593
529	922
62	814
102	854
642	718
921	324
725	288
646	993
359	969
149	527
716	199
96	499
450	218
561	526
427	312
277	411
825	47
103	906
190	713
185	657
233	752
579	905
558	4
738	188
394	918
117	873
197	607
405	924
7	765
875	65
342	945
295	151
346	11
912	873
59	215
93	260
335	316
690	41
359	795
857	595
760	691
48	638
506	622
868	997
703	369
536	666
444	4
975	157
447	718
579	306
47	467
446	465
790	499
409	940
777	87
644	12
835	774
991	858
67	444
348	613
741	331
955	617
186	512
946	641
503	557
507	439
613	5
911	761
173	679
96	953
904	743
106	684
862	536
698	962
810	727
961	595
201	413
283	787
169	58
966	571
355	709
113	261
599	288
504	272
455	916
535	715
851	277
98	582
395	76
526	537
176	45
884	159
329	96
540	686
755	856
928	731
121	288
718	922
123	782
601	829
436	179
516	788
758	750
183	51
127	87
876	470
82	108
837	350
692	186
953	177
175	260
780	756
27	701
987	670
700	543
645	405
178	108
671	566
877	25
338	144
773	123
262	700
825	2
978	3
430	330
435	882
522	41
88	744
116	791
31	264
925	807
733	383
341	742
998	551
930	362
221	443
391	179
612	118
944	322
404	49
343	550
135	196
156	961
325	516
322	139
948	47
526	901
