200	17753
75	916
134	392
785	525
310	413
623	747
472	492
753	374
372	743
654	341
406	689
770	756
568	228
622	703
960	435
462	740
668	28
789	358
509	470
951	86
36	641
555	882
567	436
989	36
905	562
554	856
835	932
499	776
794	870
770	551
163	812
117	811
753	231
834	985
943	290
41	156
450	283
396	923
351	958
103	956
819	100
251	558
115	939
133	988
742	946
681	871
304	185
170	278
662	537
792	787
445	419
45	896
787	600
772	233
640	215
78	843
245	424
965	310
618	695
799	597
132	230
609	91
121	476
570	55
479	755
655	875
895	847
265	632
69	118
879	765
744	498
694	230
703	826
831	245
816	420
891	115
463	312
967	390
808	524
358	38
656	758
203	843
7	698
410	221
604	945
713	679
329	900
761	866
945	398
425	595
335	968
893	219
668	549
519	56
463	887
366	941
721	2
23	389
22	440
143	886
953	77
342	970
729	126
294	810
249	665
64	352
626	504
658	902
50	630
461	807
461	702
720	5
679	293
509	345
846	541
11	616
190	899
887	604
184	860
571	769
701	883
776	395
620	695
338	161
976	112
61	155
257	644
600	296
557	586
7	466
881	237
54	802
288	260
298	796
772	393
41	342
260	685
316	651
42	905
819	495
567	714
856	127
641	580
325	417
361	662
309	459
21	211
957	972
957	36
638	698
246	288
211	859
48	439
418	597
188	417
7	658
266	391
477	967
801	269
700	406
730	798
24	402
163	206
842	332
207	384
238	395
961	962
382	316
218	678
814	402
866	408
135	153
450	351
258	543
239	9
77	854
64	401
970	880
207	376
304	352
622	176
473	369
733	547
475	235
463	959
145	677
199	853
162	953
161	857
235	693
292	761
756	285
196	149
693	198
993	205
518	299
991	647
78	842
764	768
432	611
533	147
