200	33742
365	147
558	984
917	767
136	248
359	86
689	427
414	819
271	986
694	539
42	502
27	350
911	812
328	979
94	928
137	656
12	326
909	370
413	336
506	42
995	347
289	523
962	125
11	746
76	48
748	689
433	855
298	216
249	51
979	542
941	192
312	475
648	944
111	472
728	884
862	719
305	481
597	215
246	348
547	681
247	733
129	481
821	252
800	566
390	753
401	998
979	732
270	456
211	509
148	865
244	721
678	373
175	9
981	679
407	190
495	488
593	643
939	41
726	137
968	310
23	432
600	148
25	485
757	929
974	73
248	868
679	39
872	644
592	278
876	775
694	818
789	801
573	921
504	204
409	439
920	321
993	816
375	851
481	156
121	202
685	664
43	761
549	994
432	720
676	648
214	421
466	435
749	433
443	93
532	818
556	295
450	855
848	836
288	692
194	191
860	142
740	294
483	531
385	906
723	976
618	817
855	816
371	38
437	459
978	547
208	26
993	176
316	717
817	446
216	254
715	421
693	751
398	317
517	151
32	236
900	382
225	978
130	865
595	425
280	273
313	906
979	515
682	582
596	202
998	950
668	824
711	541
432	255
433	197
954	705
569	92
635	719
866	786
701	789
837	581
334	619
138	827
38	873
376	371
366	854
622	272
471	545
248	306
422	359
244	273
615	130
371	2
728	404
459	116
510	176
371	168
5	463
14	254
890	792
96	277
714	605
492	995
889	544
542	181
260	426
391	249
939	999
700	875
575	994
160	711
563	939
477	493
293	814
423	429
822	893
378	635
776	183
915	283
476	506
27	869
942	367
832	302
504	395
239	552
135	956
646	78
943	141
106	97
588	49
322	338
545	898
771	310
639	685
990	572
457	284
824	172
444	629
660	502
875	769
980	180
343	650
818	713
977	609
955	396
293	362
96	80
