200	82189
69	578
370	832
794	185
18	811
459	377
479	191
876	23
701	184
647	12
409	858
195	48
582	27
139	250
466	549
715	730
756	729
170	614
242	659
966	619
489	903
468	18
950	882
367	409
897	741
558	708
955	494
546	336
593	202
192	34
830	271
684	131
976	637
172	597
140	800
344	646
372	285
832	257
952	485
388	315
320	928
925	269
960	807
802	499
20	139
60	654
710	277
111	802
106	656
862	482
539	545
398	716
726	765
13	714
741	712
997	955
796	490
246	196
476	918
382	901
539	375
528	803
467	810
156	422
963	504
812	517
765	462
313	14
544	490
676	616
443	218
85	518
795	847
876	581
797	617
573	762
900	439
880	429
626	910
829	477
870	540
517	797
461	640
389	222
501	839
933	496
164	128
140	273
418	128
763	656
841	542
512	666
85	419
319	51
710	446
129	662
422	284
271	829
659	246
331	578
520	341
817	937
33	805
161	518
965	756
395	63
550	231
305	155
112	8
165	563
411	26
743	291
289	58
849	307
569	65
558	238
894	720
562	733
174	904
174	469
268	45
834	242
784	925
462	610
826	720
274	479
553	322
521	928
38	701
796	573
209	708
493	243
644	814
872	670
965	857
474	505
482	601
683	349
122	369
881	403
761	99
786	395
280	182
434	421
440	814
499	166
780	203
26	55
723	350
284	396
902	461
465	652
756	631
482	31
827	891
299	264
375	947
832	54
115	1
220	335
181	33
988	914
814	191
852	382
867	474
475	661
391	54
744	945
404	354
855	402
469	578
4	785
206	566
937	547
664	341
706	886
28	995
312	917
886	931
389	854
210	588
607	207
536	807
69	923
447	627
507	398
279	955
996	19
178	356
525	84
401	964
974	775
867	476
23	337
315	322
67	19
738	23
829	252
614	502
742	740
835	738
