200	35321
175	407
842	865
923	171
105	336
764	465
562	207
16	309
866	9
178	166
110	41
44	214
489	804
651	602
959	461
831	283
783	46
338	306
490	709
179	153
718	539
405	302
632	876
5	750
975	29
999	11
198	333
926	450
653	383
278	694
111	777
860	556
718	474
782	197
462	495
850	545
488	900
79	307
966	418
497	948
442	265
26	409
526	713
741	507
207	140
36	426
60	230
120	724
456	948
638	856
31	876
554	160
605	787
957	180
604	448
985	190
454	975
104	757
599	91
819	698
454	17
370	457
514	560
960	702
777	387
508	87
813	701
906	282
246	311
893	615
705	420
699	310
892	310
423	683
271	527
30	364
537	905
128	891
324	828
921	606
310	808
69	661
822	671
134	592
665	366
392	610
554	609
331	134
872	722
281	909
316	416
820	185
966	170
476	278
697	617
141	949
332	240
949	903
455	700
659	802
18	461
302	673
875	527
662	569
893	837
709	435
243	116
250	819
323	964
976	933
193	275
654	638
62	991
630	132
751	150
11	889
232	32
702	274
446	360
700	561
922	761
142	35
415	87
656	516
398	537
489	299
12	442
963	718
601	926
658	864
903	958
946	257
909	989
557	778
48	379
712	729
454	983
390	411
517	744
701	457
12	557
561	872
788	573
660	421
596	527
483	362
85	828
187	580
585	644
598	600
634	719
429	892
725	661
267	492
70	941
113	826
12	586
322	227
34	803
95	563
915	800
510	128
326	25
385	209
1000	432
190	202
949	117
53	842
379	710
822	847
416	890
700	977
182	904
207	211
77	599
335	986
364	53
848	565
385	182
962	530
53	587
135	654
404	966
806	654
759	813
357	907
847	195
686	979
797	966
55	330
545	502
190	273
445	262
48	93
582	509
864	941
11	700
873	703
319	507
609	348
443	464
