200	68968
208	892
466	793
523	368
448	167
366	798
677	375
48	457
995	418
858	632
71	633
558	938
578	522
370	687
38	667
120	91
836	543
405	520
513	347
478	179
302	699
975	800
538	357
638	680
87	991
53	409
315	578
662	946
284	686
447	616
574	224
480	761
775	263
418	904
402	403
739	90
731	876
328	179
660	71
562	455
131	932
651	196
262	685
984	519
930	948
264	506
165	609
885	865
187	947
161	282
699	571
838	295
504	775
244	74
88	125
759	58
964	305
65	888
642	524
672	597
494	849
268	704
82	98
310	848
65	699
995	408
326	840
341	708
920	604
237	613
651	371
182	722
806	31
864	971
940	944
941	840
257	707
125	384
680	918
796	727
220	616
336	428
501	123
468	113
204	475
98	794
66	371
120	196
52	423
372	204
835	785
871	46
533	157
139	982
908	928
880	635
80	531
657	290
835	488
601	574
661	531
436	305
707	666
94	784
543	587
124	419
35	292
806	939
853	883
172	743
841	780
666	998
686	120
866	701
128	924
871	612
364	433
669	544
12	147
34	449
590	557
285	169
343	556
987	497
865	906
295	138
836	825
877	635
155	334
52	789
611	233
879	433
601	401
930	192
320	548
366	112
610	750
63	67
882	728
851	729
365	238
603	633
571	326
568	895
985	55
492	144
82	698
923	500
417	370
268	235
230	679
281	861
574	392
643	606
794	56
530	162
299	293
847	552
77	778
27	542
831	22
492	731
970	595
860	496
127	780
491	148
108	709
872	176
384	146
897	930
882	422
947	103
270	876
105	587
159	153
936	425
309	504
56	866
132	877
745	413
691	132
684	485
981	486
609	334
91	431
334	111
351	992
626	230
328	640
468	265
46	996
109	420
861	781
725	23
427	630
131	96
212	112
384	998
413	588
251	8
144	404
