200	52156
528	34
311	893
458	629
957	618
240	974
620	714
97	922
110	812
607	539
241	484
973	654
542	940
276	605
639	552
980	402
941	303
325	576
737	955
561	279
770	755
258	121
33	76
714	742
415	136
178	688
352	37
117	409
704	245
978	36
846	86
40	763
337	80
597	997
301	945
380	923
828	614
655	792
940	660
270	435
850	897
732	565
850	624
125	442
312	936
86	199
796	955
892	433
922	643
716	846
914	522
264	423
740	536
165	344
605	921
316	610
877	263
19	55
85	367
40	820
232	673
825	263
999	328
654	39
801	975
944	177
355	112
570	66
133	593
916	496
964	409
725	581
44	857
166	907
531	117
550	476
296	507
700	382
629	29
545	82
529	306
378	371
4	386
706	426
716	537
625	543
301	694
282	532
273	288
767	257
902	652
696	564
760	991
721	918
230	953
350	534
468	378
414	17
381	714
762	714
817	235
379	684
633	450
301	226
751	167
217	99
872	554
514	209
42	12
721	895
947	843
130	470
94	624
577	521
5	155
921	765
436	244
209	139
193	378
646	929
137	78
781	352
670	887
547	605
468	500
928	464
522	280
540	150
340	152
327	965
669	618
50	666
497	984
947	196
956	651
234	531
182	514
259	528
324	842
718	174
269	529
853	504
400	128
30	918
764	50
401	121
170	967
368	974
500	978
554	883
519	680
759	739
196	984
607	883
458	940
841	527
545	384
53	915
115	976
780	223
457	574
517	980
601	306
937	474
361	467
335	391
849	142
336	125
579	720
267	731
486	449
54	691
542	172
876	68
92	375
295	140
990	220
123	770
378	982
431	273
992	193
130	394
812	103
601	730
440	201
781	947
7	896
983	886
644	613
922	769
882	788
438	794
303	185
150	266
340	356
123	607
152	105
476	550
650	735
667	673
719	763
