200	53569
63	673
154	567
100	396
203	777
127	953
663	915
812	537
644	63
552	898
822	332
811	809
612	637
124	56
451	510
966	66
936	114
139	123
8	739
752	618
307	564
471	607
131	781
258	597
505	678
295	79
874	513
747	646
256	519
12	876
113	497
366	915
225	692
138	878
776	752
376	930
776	837
819	119
871	585
762	280
140	411
948	87
321	444
7	727
681	992
978	768
42	379
545	262
233	90
616	830
721	791
141	509
917	806
956	111
924	122
733	690
100	588
84	337
883	582
633	391
832	338
987	680
902	31
596	747
507	730
891	850
927	655
731	458
77	850
638	812
789	654
332	427
542	506
335	655
160	229
874	708
511	217
233	265
778	842
712	605
896	878
769	148
375	117
313	617
554	645
239	746
142	70
852	221
701	642
738	337
231	809
614	318
24	457
489	706
676	956
685	58
600	359
485	464
901	310
585	883
37	552
750	900
41	538
778	510
152	29
442	419
705	265
806	696
830	571
55	363
14	503
705	819
846	555
955	659
207	281
475	8
157	519
199	953
164	527
123	724
689	264
703	690
813	464
541	387
291	431
855	459
54	73
543	279
545	716
420	692
588	853
446	482
391	674
904	128
262	154
55	410
257	753
999	614
347	501
331	386
561	917
656	85
558	816
810	445
867	578
104	631
225	163
119	290
43	690
700	22
980	145
84	651
832	695
835	651
264	453
834	318
49	445
186	547
963	597
211	103
632	957
663	371
239	630
296	82
419	446
746	827
600	858
768	501
687	409
395	394
282	744
484	586
29	731
291	583
422	498
413	783
667	476
428	458
815	536
679	849
676	963
437	373
143	914
674	913
683	803
570	980
746	705
575	91
375	587
978	238
849	933
491	998
148	713
907	715
588	969
923	520
596	255
618	165
29	364
860	220
392	912
