200	17295
80	18
233	660
380	6
57	684
250	259
546	527
830	557
642	436
689	122
965	579
718	64
48	380
819	469
384	664
912	798
205	571
188	289
98	184
917	768
707	926
662	325
917	221
869	476
245	729
467	750
565	340
808	477
44	819
108	206
332	270
969	815
271	917
649	554
171	148
883	386
595	440
214	791
678	570
506	579
505	840
367	558
725	914
264	42
439	755
250	875
244	464
64	60
165	849
829	58
188	517
35	633
809	470
662	206
561	457
563	781
781	286
419	838
970	655
809	401
100	271
135	349
679	104
674	781
428	181
271	380
383	941
548	989
87	331
175	365
135	99
285	193
229	809
804	451
446	512
738	193
902	390
835	179
262	605
188	446
439	307
932	963
1000	626
22	832
877	935
891	507
325	490
922	954
475	739
33	899
646	242
198	946
553	600
732	750
45	154
40	246
820	149
515	521
332	256
138	10
873	389
144	688
275	318
961	463
487	130
331	360
332	727
173	763
463	808
599	860
12	100
406	185
586	650
387	910
161	770
476	774
623	834
749	73
799	276
163	532
857	154
964	410
529	558
462	776
629	696
622	700
480	409
493	34
248	69
709	680
404	559
986	776
248	693
148	59
738	664
344	742
260	999
328	752
864	233
286	194
152	339
602	713
658	770
502	252
912	633
287	651
649	43
743	245
925	774
504	407
440	716
250	194
89	844
873	194
615	530
427	602
866	251
642	694
88	405
833	279
459	653
494	654
954	406
12	364
989	373
587	894
231	247
305	521
688	886
335	619
247	183
501	422
230	888
422	601
825	594
598	842
530	737
581	949
498	709
788	861
298	214
790	151
672	729
843	318
577	559
697	992
846	330
428	207
902	481
591	726
990	210
393	498
567	939
752	765
481	972
103	594
954	995
298	779
122	606
651	223
902	649
