200	50803
704	959
293	692
12	767
829	869
288	377
789	558
878	578
336	619
348	256
213	116
144	880
1	540
597	571
41	14
519	199
366	364
521	958
987	218
726	75
543	650
378	809
145	620
439	579
157	208
580	191
330	482
898	326
861	388
475	209
461	50
919	773
905	492
305	164
563	892
368	223
189	487
400	605
940	53
104	581
235	739
374	483
2	87
695	954
734	611
992	760
170	207
228	124
432	857
175	384
423	150
560	266
439	936
189	917
825	668
131	149
978	721
108	316
131	579
269	631
140	914
75	879
551	1
90	794
437	499
936	648
671	624
566	936
65	792
497	751
387	188
390	90
546	468
590	475
330	650
304	463
309	207
596	474
246	247
124	85
876	398
927	315
75	778
725	441
766	833
313	983
598	582
963	138
292	461
165	540
700	553
1	639
817	259
114	810
871	906
438	397
171	469
305	370
387	757
900	899
743	172
519	24
581	995
857	843
645	141
400	431
307	607
928	472
740	338
852	348
972	964
741	680
797	987
657	803
824	174
333	70
409	526
640	2
148	218
146	693
797	851
181	469
363	553
747	850
847	169
701	306
10	225
285	741
16	98
716	479
808	935
93	28
638	700
65	832
526	283
426	898
936	454
397	855
234	328
96	787
151	295
320	661
338	643
553	795
747	384
676	560
497	663
644	136
62	86
322	357
921	667
683	905
86	174
303	739
835	546
998	545
759	511
838	844
771	590
115	31
632	310
910	975
926	656
515	122
981	526
252	623
951	436
415	909
988	825
886	863
888	701
883	464
186	251
333	489
209	802
765	125
39	221
510	405
654	445
723	90
906	109
769	117
430	613
48	617
314	622
175	710
242	290
422	170
30	546
628	63
52	316
854	612
41	598
202	294
601	798
628	663
612	700
775	628
859	151
479	916
223	731
