200	50368
97	447
545	458
157	742
556	636
60	945
117	64
33	107
756	683
608	276
970	807
581	939
328	245
826	747
89	578
895	553
981	750
387	505
79	977
321	350
852	768
973	925
160	576
994	143
493	264
407	292
154	914
562	359
593	223
512	556
593	675
379	49
792	677
987	605
81	365
451	971
464	539
883	20
864	226
874	381
744	390
555	156
418	753
245	191
30	810
909	835
250	23
608	34
643	221
396	576
751	485
810	660
156	312
994	792
786	377
244	814
812	448
161	291
134	475
962	587
89	498
649	457
665	423
612	524
596	497
2	708
509	656
601	965
275	343
598	37
27	718
643	10
230	466
720	853
475	166
885	12
399	617
742	350
246	359
54	744
25	245
397	222
702	111
5	11
78	182
611	511
61	883
904	32
621	254
648	865
356	47
894	273
407	777
354	892
494	494
48	572
317	897
134	23
548	898
323	167
498	988
725	66
148	320
335	634
930	289
466	204
833	16
459	700
211	35
936	639
935	881
692	424
349	175
57	670
403	770
846	882
768	648
92	905
939	667
991	952
693	351
8	679
587	136
536	989
136	553
759	801
68	155
595	841
739	748
903	665
972	478
614	211
338	464
636	252
717	950
598	231
601	780
67	118
852	20
114	649
130	498
335	571
749	457
690	661
907	10
524	117
440	101
611	985
542	318
976	384
511	990
369	599
971	811
537	643
995	709
491	779
92	173
367	302
377	211
258	305
219	150
490	633
33	621
533	252
149	550
332	642
955	982
474	384
51	441
798	679
20	973
392	990
300	496
20	2
212	100
768	60
853	996
940	315
312	667
97	782
179	691
759	946
237	406
462	758
688	27
756	870
465	890
865	737
357	697
554	381
965	283
472	740
58	477
150	639
860	262
658	496
240	721
518	532
269	187
573	820
931	576
