200	65956
338	602
989	19
788	797
944	271
260	102
533	720
760	802
170	46
529	63
648	298
292	818
727	309
769	113
366	373
385	518
938	246
955	631
521	654
179	594
217	682
766	604
63	673
518	293
242	251
952	391
365	785
188	461
261	399
616	767
27	359
788	204
653	727
260	542
768	315
778	276
679	25
183	249
672	53
879	619
852	154
421	626
971	62
978	9
89	713
227	761
318	620
655	292
859	644
318	862
948	392
939	176
174	576
203	16
414	229
549	651
94	52
537	975
461	193
852	701
829	304
736	927
499	211
581	437
239	978
770	199
939	240
890	823
764	736
196	263
920	831
756	690
510	587
958	651
480	110
203	425
454	49
478	890
498	712
19	64
123	470
136	619
233	563
55	611
582	758
120	748
123	802
756	722
248	114
986	437
864	796
818	537
770	268
769	190
351	537
817	232
111	408
682	533
30	377
156	320
888	351
984	24
107	643
440	422
574	797
931	595
903	945
696	243
70	757
355	26
875	529
896	264
22	760
174	334
533	178
743	915
697	541
685	238
79	214
194	662
912	942
6	413
894	439
10	961
197	604
342	516
918	652
398	362
256	737
234	959
747	520
758	557
196	335
104	133
929	801
580	42
616	432
570	740
984	234
507	784
30	888
517	930
182	809
557	79
236	944
243	186
536	203
825	238
627	571
601	342
421	922
195	790
792	119
421	103
753	549
546	655
14	868
832	954
58	21
316	508
720	84
128	176
62	641
453	766
447	102
888	444
938	953
685	962
680	924
25	215
951	46
723	815
498	187
97	354
579	730
415	500
265	217
496	352
455	555
213	690
447	665
472	688
986	714
780	481
43	44
945	976
372	273
178	437
256	647
455	782
140	494
811	654
543	543
864	630
980	717
462	111
520	609
639	947
377	679
449	568
978	759
