200	83395
534	809
429	808
249	77
282	765
252	367
689	7
323	932
914	224
743	149
8	88
78	100
950	512
348	31
265	485
609	913
1	907
951	932
743	955
964	847
930	862
908	724
56	940
234	988
229	735
222	918
79	541
764	996
452	690
982	161
947	133
596	327
663	685
829	996
337	835
826	615
514	417
670	193
95	627
790	378
77	780
917	858
741	312
210	810
576	3
131	42
313	664
896	841
103	179
871	528
768	869
289	867
620	592
854	349
189	271
953	526
824	530
895	19
445	793
839	199
200	376
182	708
183	120
803	593
346	763
93	540
567	409
654	100
172	151
709	458
68	792
158	812
753	867
123	668
52	209
236	317
200	599
930	457
841	277
18	904
616	86
669	682
799	905
940	379
74	92
395	203
535	722
183	517
226	610
467	391
928	464
250	118
664	309
546	249
526	150
646	27
654	41
779	224
898	435
626	375
947	447
619	933
589	296
783	377
959	784
99	580
50	473
705	813
691	558
72	111
126	907
32	880
426	639
786	229
250	86
990	45
471	876
707	329
849	191
373	94
444	481
919	585
759	830
90	306
764	190
231	360
752	274
694	970
270	52
562	379
389	930
300	639
226	892
68	993
941	485
728	355
628	323
499	640
989	413
253	973
869	81
777	999
66	812
593	35
139	602
697	992
614	80
523	577
565	321
192	326
940	232
893	220
448	246
114	404
6	235
374	178
727	655
328	870
385	705
675	487
797	103
353	805
123	306
684	527
304	561
256	259
123	148
23	621
874	786
272	688
245	933
958	405
373	339
984	71
231	320
103	973
775	933
430	363
383	871
756	16
302	154
202	939
727	311
973	630
394	311
975	883
24	706
554	427
449	680
498	411
108	307
564	553
492	253
352	119
759	615
650	259
629	972
366	92
109	528
775	515
296	806
