200	50965
883	648
503	410
224	104
340	637
256	374
464	369
881	933
895	390
919	581
54	365
467	376
686	46
161	522
362	98
18	774
115	582
627	577
514	523
124	795
819	273
995	118
586	874
540	235
428	92
570	844
61	639
437	763
381	66
160	941
857	831
217	752
411	685
177	212
430	44
966	379
394	56
406	74
82	971
463	811
622	871
667	750
505	330
658	833
71	758
551	924
275	647
689	628
667	786
540	885
784	198
464	550
527	481
595	719
35	187
456	543
568	671
143	873
788	372
287	741
951	71
739	893
853	817
547	304
119	207
456	953
576	624
295	180
895	325
748	479
458	732
328	788
97	922
161	628
622	114
15	74
461	967
210	505
668	574
898	564
516	529
337	731
270	812
819	91
341	923
371	26
777	8
808	549
424	40
916	737
762	212
488	171
92	287
94	331
877	164
829	239
410	229
385	682
289	826
926	530
733	592
920	37
254	772
604	668
276	849
174	743
881	930
608	252
448	76
344	313
291	864
188	142
867	432
925	321
616	704
488	52
56	479
339	854
761	482
91	815
805	511
108	536
402	334
22	521
283	844
175	103
324	188
573	833
661	369
547	272
916	568
341	504
293	223
102	175
921	226
558	612
503	987
17	543
643	268
755	631
357	938
546	792
410	731
749	748
823	320
534	285
490	830
44	119
82	987
449	989
354	747
822	57
612	77
492	367
283	534
689	640
467	26
801	530
678	791
924	977
711	389
996	660
917	692
600	854
873	764
872	648
105	813
38	347
936	316
389	201
296	727
73	299
90	91
524	674
856	214
988	504
587	570
770	935
889	195
910	360
599	191
360	217
644	95
808	157
789	641
536	978
227	160
160	984
254	799
217	236
478	591
193	966
645	641
827	24
674	483
183	364
254	959
498	257
863	443
737	248
306	784
