200	80469
636	616
478	234
941	909
206	543
857	1
201	492
715	125
838	242
812	347
521	576
678	24
134	338
609	577
599	490
733	90
627	247
738	684
875	172
816	261
269	839
157	964
147	351
82	323
769	938
245	953
9	533
110	871
84	568
27	249
510	291
244	422
71	151
220	576
327	857
860	859
36	386
312	515
680	643
804	139
943	103
450	255
812	567
290	297
761	487
305	191
831	582
632	978
704	783
1000	54
126	20
348	601
333	502
412	736
293	795
763	339
692	280
460	628
87	690
159	925
711	141
149	555
478	788
612	734
31	753
551	97
819	893
843	856
878	478
414	9
468	674
106	349
253	777
909	351
203	397
833	776
641	622
216	994
286	311
605	474
456	442
904	211
874	991
755	162
684	540
452	748
29	893
419	341
934	524
937	351
821	534
355	825
168	234
33	43
629	625
667	189
757	474
198	970
452	673
245	606
596	889
585	123
422	428
540	109
278	9
981	792
756	338
453	153
309	839
575	323
980	469
874	147
174	85
513	553
49	120
599	220
969	171
580	632
559	429
246	139
140	212
668	917
241	984
298	737
618	696
983	304
504	900
595	332
221	924
358	8
479	837
717	488
921	164
100	227
864	147
369	76
35	55
584	617
980	808
371	136
55	671
579	676
663	162
289	269
713	371
829	329
652	706
383	743
391	165
4	399
435	9
169	823
935	460
283	879
699	846
51	663
417	271
922	668
124	943
115	529
488	580
332	245
899	481
3	524
469	71
838	40
942	496
952	340
358	199
754	553
174	505
179	856
428	585
985	777
655	895
914	544
607	356
939	613
722	151
327	940
1	126
852	242
169	530
338	106
885	118
21	832
142	444
363	571
62	352
666	353
416	692
928	672
811	676
478	961
860	243
162	208
311	968
198	477
886	574
66	809
705	125
