200	31425
285	430
19	681
979	104
181	145
596	866
991	487
606	317
488	267
888	294
881	262
171	287
599	934
176	974
609	30
361	672
735	866
918	114
727	3
606	509
443	733
20	805
864	698
870	92
397	411
288	393
570	245
800	53
600	17
147	827
19	127
191	242
620	864
299	291
664	722
528	42
717	29
692	300
635	304
257	366
321	367
471	137
395	94
141	506
620	513
653	428
478	687
953	364
25	684
611	261
590	940
394	486
339	424
77	209
795	598
441	25
435	948
171	542
167	524
728	466
186	436
900	741
948	869
235	852
609	895
711	716
896	869
437	193
389	236
175	666
931	748
538	625
64	879
996	463
385	344
114	583
506	879
218	767
909	247
417	574
289	52
470	515
169	981
626	286
251	155
805	677
872	725
838	150
868	596
687	304
969	386
795	684
974	867
449	284
820	627
302	178
290	97
437	258
596	469
540	986
800	426
384	344
413	886
623	677
129	920
14	42
135	332
4	213
824	431
457	860
548	436
66	405
902	715
138	222
789	359
584	598
273	427
227	796
854	89
6	436
860	769
799	170
56	306
760	692
86	395
71	611
148	334
708	123
832	257
717	774
428	930
853	334
592	814
873	159
375	495
405	127
645	903
77	444
666	181
777	624
247	799
515	17
518	126
629	454
897	216
535	201
974	373
529	504
942	119
265	707
253	783
228	48
615	942
418	354
526	141
488	700
458	399
410	177
347	200
349	521
993	69
178	451
926	141
864	798
395	486
608	822
693	475
250	828
565	473
253	328
972	207
56	939
512	342
598	428
871	877
362	703
980	911
387	503
760	780
824	576
212	379
997	744
666	371
712	149
550	567
71	688
953	247
594	98
559	324
851	302
419	124
857	618
742	402
818	784
275	920
811	455
852	2
762	867
652	107
699	669
10	620
