200	70066
328	459
23	540
965	593
35	684
378	941
616	826
896	568
544	777
785	598
355	663
164	638
229	617
769	627
141	248
341	820
977	177
965	462
68	431
340	335
124	378
352	105
614	370
998	989
619	860
722	438
439	790
648	49
728	570
45	128
206	628
776	929
358	373
185	835
259	127
485	100
339	367
957	877
317	153
470	546
333	503
647	963
898	712
395	984
682	633
249	290
351	664
602	464
998	380
141	146
707	638
387	420
707	971
552	710
432	851
490	422
938	199
76	616
439	893
526	188
609	307
610	804
291	96
870	839
785	828
185	822
997	402
49	127
199	374
977	6
177	426
182	660
895	136
938	563
531	157
390	566
814	959
490	281
604	559
749	409
270	249
124	458
462	789
819	596
606	289
490	896
477	384
204	236
374	778
614	684
850	317
279	534
39	956
281	324
818	819
784	599
814	442
682	537
301	624
163	744
740	779
768	845
177	704
507	50
743	266
413	331
183	921
321	77
397	488
121	770
624	229
790	997
694	297
933	342
170	830
78	915
332	468
91	138
837	771
928	225
783	802
247	987
177	676
844	531
725	829
76	328
825	74
822	412
778	23
869	525
791	177
231	42
965	695
20	786
734	674
91	862
13	793
914	969
28	789
162	697
582	505
153	718
352	781
981	550
84	59
860	48
798	228
424	116
338	186
845	370
103	38
526	660
430	983
764	719
784	579
626	846
153	79
184	726
314	110
453	86
2	237
391	106
319	905
730	871
993	410
341	682
80	648
156	866
695	437
669	867
263	56
573	752
879	818
881	766
25	203
901	867
475	535
689	566
425	853
264	622
427	923
688	5
270	447
391	216
796	639
498	53
923	800
405	391
6	769
881	504
254	661
16	249
193	433
454	496
847	156
377	145
263	889
54	302
968	374
647	487
434	754
