200	33847
941	56
981	618
947	505
629	705
14	180
841	343
682	889
741	330
358	18
654	3
201	915
538	281
672	528
243	509
151	559
962	594
709	239
240	643
225	757
834	641
432	588
268	681
173	575
143	759
417	502
345	529
2	611
342	922
312	556
828	412
857	404
449	977
752	867
119	16
316	827
352	639
783	573
197	883
459	883
660	117
650	509
945	687
186	180
315	973
33	470
399	881
716	479
777	628
919	952
219	841
503	244
814	575
333	608
467	929
923	538
412	67
551	457
98	529
508	391
439	388
327	402
50	680
70	900
572	802
147	576
738	49
459	393
959	727
347	511
478	835
592	452
174	67
973	491
720	499
643	433
759	554
767	779
426	696
347	713
738	108
553	306
387	359
773	127
534	616
627	504
465	990
357	49
881	311
874	383
529	54
497	980
630	521
920	449
63	807
474	575
130	383
128	944
426	323
515	368
212	29
600	586
72	98
753	380
420	688
983	634
803	367
433	360
873	637
906	985
868	820
918	99
911	728
13	34
838	300
951	38
202	919
625	76
545	598
872	924
966	787
309	420
151	206
136	202
625	192
64	420
969	322
978	400
106	829
823	133
739	197
9	782
917	587
898	704
792	287
198	914
221	158
494	454
825	131
181	966
678	575
554	171
688	487
864	202
588	868
439	980
1	25
620	507
102	888
871	83
288	348
19	502
786	738
14	964
749	688
490	24
214	319
508	351
429	193
308	239
728	296
800	191
971	295
692	977
578	623
368	765
193	712
209	292
421	862
481	675
265	842
911	422
902	904
766	515
720	237
619	871
797	246
511	945
512	196
37	887
797	29
109	406
891	165
76	581
490	289
17	548
625	510
911	848
364	249
888	551
233	211
941	474
265	187
702	507
764	953
942	295
233	930
885	463
600	419
653	802
852	153
