200	81125
606	454
287	576
132	959
458	463
565	398
972	820
590	68
442	647
12	922
423	605
78	427
202	67
599	361
310	243
628	112
945	175
28	113
2	135
615	721
25	399
567	210
869	669
754	138
260	608
316	515
871	520
646	267
835	61
769	459
785	904
103	686
732	679
943	293
83	563
825	582
149	382
286	857
11	963
358	766
201	338
406	961
454	281
984	532
515	736
842	501
954	725
649	125
97	619
323	97
870	526
604	286
186	601
36	93
817	876
104	640
59	516
756	17
78	467
346	535
393	365
539	618
206	586
645	387
450	59
574	223
843	899
972	124
250	819
869	888
767	830
760	545
228	169
416	946
203	386
813	350
310	154
963	218
678	448
350	329
888	483
255	488
506	454
498	694
613	173
414	760
431	647
448	54
268	962
978	221
580	888
889	134
271	223
684	603
802	281
822	131
532	533
371	976
155	793
351	615
225	152
788	282
560	226
479	348
614	377
727	667
783	529
468	26
574	297
81	97
505	7
814	69
196	997
840	916
666	819
546	690
796	584
669	711
369	221
362	895
667	5
106	419
351	720
335	528
967	429
762	978
774	613
405	941
796	914
291	36
123	83
768	430
945	971
718	963
354	956
441	261
863	189
199	759
935	108
502	141
908	791
721	823
251	717
286	411
608	371
910	153
889	165
947	140
749	377
488	885
962	327
275	897
73	59
118	494
794	282
558	421
65	854
669	985
98	371
411	522
959	537
504	739
940	735
711	702
671	874
563	611
100	274
953	699
122	119
784	415
364	235
810	879
549	199
201	44
688	763
218	777
932	679
383	469
363	660
531	494
499	238
397	976
728	465
307	354
698	106
834	8
807	116
707	248
910	707
881	821
225	205
586	579
115	3
581	649
323	847
627	472
760	605
467	486
340	898
421	57
44	493
