200	34684
206	225
791	842
447	990
501	762
459	962
691	480
153	542
313	986
269	760
304	938
661	718
433	434
266	283
793	364
135	546
629	476
265	344
481	902
272	251
685	476
566	433
869	813
559	355
873	947
156	751
343	882
250	997
233	841
605	75
182	363
636	752
287	644
989	88
41	802
724	888
738	589
111	100
316	839
493	952
433	668
826	193
113	573
257	896
479	148
51	405
875	412
819	590
891	381
708	228
40	891
121	537
629	447
453	380
895	46
33	727
406	398
707	782
913	477
239	499
392	151
921	49
401	213
847	220
70	803
962	997
179	131
694	528
560	498
136	140
626	875
675	892
88	155
543	613
949	621
249	979
927	462
448	35
173	367
618	498
985	927
125	430
533	949
803	36
478	65
998	123
25	833
626	99
20	43
358	988
650	797
252	634
866	192
99	535
176	113
79	803
913	61
553	575
354	796
119	23
954	613
947	501
30	135
848	412
693	273
675	468
61	304
923	40
473	541
861	466
534	910
843	218
155	373
495	68
951	189
537	528
217	756
623	209
43	827
641	720
912	732
359	306
41	715
291	622
181	617
477	784
750	528
796	405
882	970
642	635
380	547
332	257
219	12
750	222
1	515
722	930
22	468
114	87
581	432
938	891
978	287
585	580
774	179
615	336
634	367
572	988
676	281
328	368
741	129
323	454
582	788
475	837
73	517
996	841
825	796
380	198
363	657
309	903
696	816
193	6
418	879
350	961
668	103
124	44
846	435
5	692
570	703
943	869
738	674
983	226
246	387
271	417
839	833
720	913
379	830
493	997
604	891
704	388
782	70
248	274
92	33
134	779
250	684
475	61
974	864
805	653
801	539
454	968
752	45
997	668
211	384
496	496
637	603
760	514
970	73
41	389
702	100
718	867
683	926
870	476
904	471
