200	86123
652	182
71	868
693	642
608	922
263	484
482	605
649	146
227	961
557	546
516	928
960	452
391	325
374	97
175	415
308	987
611	904
870	76
715	685
960	380
156	194
912	491
294	324
89	50
549	484
419	461
310	748
777	733
291	3
808	260
102	325
477	350
734	57
687	580
474	861
184	782
613	1
138	212
127	365
766	708
328	226
260	100
240	877
594	113
7	70
199	792
46	790
540	196
535	35
54	918
683	287
388	925
27	48
596	94
120	294
221	54
530	122
553	541
706	377
286	92
642	343
102	702
981	163
222	770
168	770
532	987
553	806
621	615
110	981
663	696
685	611
199	187
740	880
380	722
972	84
138	833
599	194
182	345
577	88
832	776
670	331
617	511
131	936
498	52
609	860
441	385
971	399
944	316
907	639
133	754
384	630
671	446
417	380
635	536
744	773
613	701
204	725
314	821
171	529
430	499
783	848
217	841
209	887
957	75
676	526
517	560
662	624
748	430
566	279
730	957
755	647
520	25
203	609
265	35
288	999
473	863
737	753
44	195
43	798
22	906
959	822
143	477
77	15
108	997
254	71
688	737
350	239
872	41
653	871
540	301
953	436
726	640
379	856
38	132
59	415
111	557
961	251
444	955
918	538
107	756
168	161
983	650
10	487
642	941
449	451
172	479
924	936
910	184
392	79
131	604
564	352
413	970
292	838
872	620
120	861
174	261
652	217
552	560
916	608
463	537
371	186
786	237
164	115
918	480
99	659
509	120
620	580
25	303
978	851
307	966
603	144
959	244
99	250
237	966
789	639
892	945
185	471
88	384
22	236
285	796
809	758
940	374
634	874
744	593
776	473
392	694
324	464
393	894
918	842
614	838
726	146
687	682
831	574
950	913
947	498
490	283
331	481
675	865
884	401
781	646
382	402
