200	16046
891	642
955	538
720	608
911	189
770	411
657	876
724	78
187	728
623	935
157	76
815	8
52	528
328	11
707	921
41	500
381	783
461	303
251	274
764	408
506	726
174	680
558	842
433	378
165	60
160	615
783	161
958	86
344	389
653	740
689	176
727	997
760	678
395	414
189	431
202	381
352	698
100	335
175	696
238	531
222	92
427	119
34	430
609	835
24	340
43	18
499	33
12	336
945	458
487	835
804	903
433	191
295	300
981	760
816	316
177	173
51	530
541	674
823	784
213	74
677	239
694	430
761	991
890	968
534	143
147	235
941	921
489	851
684	56
189	496
104	50
678	575
154	919
162	746
37	559
209	508
42	878
903	318
829	106
457	881
789	64
822	804
492	903
976	971
202	476
243	252
903	577
547	845
810	986
423	663
924	558
171	684
884	280
123	343
185	408
610	920
292	159
290	284
151	907
847	173
686	700
179	859
903	735
39	221
217	183
126	955
727	656
948	152
37	58
32	549
228	688
688	66
174	774
422	513
766	848
825	809
505	439
63	37
90	608
576	187
270	3
599	212
96	959
615	15
33	85
723	829
602	245
723	620
188	689
530	592
893	697
166	611
562	244
646	549
279	922
767	836
931	39
308	527
653	383
402	17
164	190
138	730
104	955
602	807
810	939
274	693
900	689
441	33
769	67
647	668
347	308
269	47
573	462
584	367
366	527
115	329
946	258
232	987
318	528
348	123
364	231
260	410
467	820
705	724
207	119
771	760
935	195
402	5
814	719
946	577
379	101
606	236
331	551
31	665
73	27
901	190
918	733
423	536
376	492
180	384
488	352
999	257
123	561
979	804
884	658
549	448
788	878
606	308
254	243
775	449
9	961
302	610
953	594
576	666
783	194
222	93
623	474
850	136
816	64
632	273
439	803
