200	2636719
34400	38062
19957	21919
35119	30781
26920	24084
36713	41509
16905	14540
19768	18032
35072	32646
38177	33555
26057	28215
20324	19172
12815	11124
48495	49230
43443	45357
36525	33763
18654	18362
43702	41980
36357	37521
42720	44753
23568	24439
45508	47190
48733	45027
6981	6006
27148	26141
1770	2057
36621	40862
37910	41269
42871	46800
10528	5914
10652	5969
12330	15013
17331	17937
26413	29750
21388	20038
27510	29443
6312	3400
37625	38113
9985	11189
40128	43292
-1467	1659
38977	37539
51009	47223
19392	18325
22239	24910
20147	21681
16961	13942
25616	22394
13911	18669
28311	29092
36652	39398
22796	20862
47001	43840
44461	48555
26002	25981
7964	8340
41892	42484
44457	47952
24214	24699
9790	8788
14073	16823
5812	3712
47833	45140
41465	44974
2157	5913
35055	36722
19891	18497
19780	23888
36680	33399
33140	35993
6905	11542
17354	14403
6487	5002
30535	29174
46084	43213
43472	46525
20008	15528
49479	44969
51461	46905
22325	21967
49296	48239
41343	44462
37568	37488
41693	43137
26365	24657
38938	41414
6952	6986
34765	38433
8287	4942
44333	41797
34194	34858
41012	44750
17799	16424
13907	18625
9362	12649
35235	39560
17006	17648
18377	21080
38059	33950
24965	27583
27166	30762
25050	29094
25507	29134
4577	5365
22945	19240
47114	45914
10286	7971
7730	3425
2784	6845
31603	35596
8879	9647
44138	41799
34509	39074
9380	13993
38681	42893
38359	37690
20543	18446
26063	21118
34210	37746
31278	33655
29731	29311
26053	28488
19797	22751
13186	11171
4728	5850
46627	46326
34866	34518
-445	300
6882	10781
45452	45573
9469	5272
3181	8135
40447	42506
12979	10159
19679	18058
46547	47869
37053	36407
43530	42486
13810	12203
37550	41353
9940	6566
51389	46808
20188	16081
3445	1423
25938	27522
14440	12632
41477	36543
23648	26573
5987	7932
20523	25045
30388	25980
43247	42784
47669	48326
47812	46449
26332	27445
34540	35785
17584	15132
8915	4422
25914	29952
11613	12576
14186	16161
17500	20835
39749	43099
36589	37928
19411	18562
24902	25474
-1212	3142
15440	18937
37339	39738
53332	49278
43246	40226
39878	35719
35347	33389
29639	24840
13041	10758
5954	3048
3989	4627
12354	16060
16149	12885
11978	7057
38649	42538
35634	31187
14560	13707
34594	30016
2543	972
-791	2152
12342	11011
14658	15876
45117	40939
41523	38178
47230	42616
37449	41003
8455	8285
45576	43269
47845	48425
28815	26144
46591	42030
12694	12650
16107	19715
4314	8401
14855	13904
