200	1731989
15373	12971
30288	28513
33846	32845
43166	44280
36872	32602
21990	25434
47759	49074
13977	15892
25085	24335
47659	45733
17657	14256
42591	47503
11514	7445
353	404
35719	40026
40540	40490
28952	30093
7825	11802
51048	49415
29155	33298
13343	9893
43226	48156
13277	15744
12854	16163
12648	16987
29928	33783
23781	19673
31784	34016
34703	30715
36997	36300
12462	12072
49593	45970
9759	14655
44157	48255
40705	43473
12569	12236
50734	46591
3229	157
1793	3547
29964	33032
35247	30874
7216	5003
46131	46456
48147	47788
24760	29443
49990	45283
13035	14024
15380	13534
45936	48903
25208	22798
34005	31992
17807	13327
40396	44930
20679	23882
7958	5054
45489	49289
41042	37576
8976	4670
18623	20163
16497	15729
43297	38975
5040	78
38161	42398
20078	21797
36030	36803
15348	18964
20441	22947
47082	45360
18056	19324
7734	3423
39780	44455
4223	3277
34002	33127
39611	42806
43153	40394
45622	45386
28204	29848
-2374	315
43207	47746
39884	43618
32021	35186
27303	26236
52575	49503
-1792	1967
11789	8146
-943	919
23598	26295
32793	31086
13623	13286
17667	22527
9834	13506
35092	37013
13216	13883
30363	27947
3032	1962
19627	14729
28035	31523
11077	10255
4608	7270
24910	22854
44421	44887
34938	29968
14851	9874
40907	37543
19390	16868
3134	2362
16392	18986
13917	15892
2757	7600
41036	43433
24616	19725
21412	20724
30422	25957
50032	49824
8130	6053
24148	19438
33606	37844
43387	46998
38884	41886
27442	23838
19732	24001
33297	37141
25002	20210
974	2830
7412	7987
9509	9761
31769	30245
13871	16082
49468	47360
43904	41927
32459	33953
48845	48849
40771	40324
30486	27747
29598	31852
10995	15309
50207	48269
3704	2795
14149	15698
47187	46232
26834	25899
7789	4360
42920	40199
3237	4382
10410	13556
-3962	748
860	5554
46823	47459
38642	38376
26780	25943
46694	48959
44916	41693
13209	12650
41754	46013
29581	26716
49641	45543
22051	23186
1236	5653
15687	18120
9575	10309
50599	46031
35700	32248
41041	40686
8361	10287
144	3322
1638	5997
26131	29450
22463	26468
40545	36824
7167	7260
10829	9902
38481	37844
18138	15011
19080	21950
13104	8936
13044	17644
3530	3020
38003	41342
19607	19359
29995	26880
36155	35497
53111	49851
-2545	1064
34221	37520
12297	16091
41997	40522
17429	17168
43524	47905
39972	39182
49079	47224
19987	16707
5408	805
30817	30410
1541	2813
27008	31473
10038	11481
35196	35269
46401	45841
16832	20452
35619	38962
