200	3242784
24473	23345
10889	13569
4142	280
6087	4888
33659	37828
10186	10222
26360	21813
27754	29469
22366	23229
24467	24666
18806	20964
48772	45307
47448	48504
31327	29478
20885	20969
41653	39541
11102	11602
10077	12287
14650	18448
40951	38268
19223	17062
36359	32308
23482	20800
-1750	3134
10572	11870
27504	24528
41736	43107
52672	48566
-1615	1647
47076	42591
30995	33495
13089	11101
26046	29150
31840	29136
41393	37757
20236	24613
1063	2542
33135	33736
39096	39028
6231	11201
11313	16241
23762	24596
-1710	930
31636	35101
30449	34277
45885	47530
31692	26741
23386	24309
33678	31494
35279	34203
45723	47387
45067	48367
31327	27133
20395	24555
22570	24021
17468	15839
14503	17719
16086	18224
11886	15360
30237	30006
44830	47669
7162	2519
7704	8278
9096	9366
52475	48144
16110	19440
9978	5877
36621	35135
39156	44144
20587	21243
21324	24723
40843	39067
46042	43133
37795	34182
9292	5416
13412	16048
40454	38884
1581	4872
23246	20258
48228	43885
2968	335
21625	17426
46622	42376
30053	34704
31034	26601
3106	7546
24507	21654
26621	25532
18516	19023
37327	34160
39336	36685
4908	331
40829	39266
43813	44666
34761	35075
33679	33696
33467	35188
46019	42530
1857	6528
49079	47209
11382	16192
3569	7267
4321	8429
19511	14689
31126	34141
13697	17065
9690	5432
46653	43348
8492	5918
20592	16112
36600	36072
11395	14930
4870	9676
23593	20886
2535	6390
12025	16803
4507	9096
35987	38431
37530	41918
31471	30446
14711	16693
45165	45537
18350	17313
13924	13856
889	2123
32762	28094
4119	8584
45306	43848
22396	26778
-4881	64
45229	48268
18320	17552
49046	48164
15250	12738
41414	38740
39650	43612
21724	17182
16638	21103
45922	48911
24214	26506
27315	24204
39139	38026
13504	15198
52447	49061
20195	21680
31978	29827
8004	3838
47642	47366
2536	6224
24280	26421
664	3784
360	2589
28455	26579
21678	16944
51288	47837
3914	6336
50007	47811
26810	23979
37536	40995
12337	9952
9905	13929
20017	20125
23944	27566
21541	24545
33589	36762
23117	25362
5562	9110
21123	21981
11640	7671
18240	15027
34245	29367
13163	16462
12021	7247
16516	17364
5935	6875
22980	26141
1798	1745
12896	16284
15338	12635
23584	24602
16316	13100
42612	42353
17340	19423
2576	3054
46048	42910
24104	20848
10964	13815
22764	19269
27083	27456
7887	10102
36840	40950
13118	14780
28175	24454
44844	48141
45114	41526
46412	47701
7886	12573
27232	30695
-456	3028
37061	40744
