200	1574449
10131	12020
16147	13142
23280	19112
2891	766
26603	26070
7607	5590
543	3514
9227	14020
45121	49841
23385	20741
41732	42514
29045	25669
3540	3094
42185	44767
8126	10691
33037	30958
19000	20144
37200	33880
45626	42025
5561	8891
24357	22133
20815	17841
27590	23002
15423	13693
49427	47527
35655	36618
19563	18248
28172	30753
4324	5186
39971	37475
29454	27532
21980	17393
34950	37775
41627	42098
12244	13624
41731	44055
24649	27721
49117	47949
10600	13700
-123	4197
13572	14064
9939	9216
20649	22625
11719	11510
12485	15527
20472	20091
10768	7201
11785	12060
10156	13114
34977	30502
5307	6955
26476	30989
14451	13558
11509	6532
20881	24136
39242	36329
33018	28680
503	762
21900	17493
17214	20280
32398	31656
6415	2481
2514	1105
4229	3629
1954	1999
43146	38866
43079	45908
41692	38417
20356	16913
13882	13252
35729	36928
-2619	2204
32931	29584
17812	13816
8586	7342
4464	5725
47187	45344
34740	30214
1882	777
40107	38534
15128	15742
16214	15059
11501	12677
27953	25642
12681	10301
30200	31687
26050	25046
11374	13271
26689	28403
20047	23696
39603	39632
17391	22136
2604	2561
1902	6549
23146	26620
12852	9035
9942	6347
13355	9344
17741	12904
36530	39352
39029	40143
45002	41266
47430	43363
14227	10672
8604	8922
10169	13637
23153	21426
3149	4584
39116	36875
50045	45593
15214	12324
47069	44601
25665	29695
50127	45139
6647	4659
26118	27093
37026	39289
25296	27256
25212	27073
45550	40877
39155	35917
23703	26541
10255	12764
17274	18388
27922	28729
29506	27463
40271	36637
41045	36498
32870	32298
37439	34877
52343	47370
17767	22071
36221	35411
12757	10102
43568	39537
37695	39664
18254	13360
10367	8779
27497	26035
30992	27461
44146	39174
31062	31511
32994	33644
8462	5617
2318	1384
43013	44294
26284	23053
1056	2948
30071	26531
21690	26450
6378	4728
25052	28861
19264	18854
42191	46637
50437	48293
20773	15904
23301	20079
12769	16410
38394	39940
10335	14608
40314	41657
37587	39351
28402	31533
26909	24247
17000	14188
14450	10718
45151	42398
22043	17486
6159	11012
10148	9438
45396	41527
34508	38374
3593	4313
4619	1274
50758	48518
25069	29660
37093	33458
2877	2260
16532	19383
13234	10899
23033	19186
7348	7003
23393	23969
23030	26873
14181	15092
31066	34079
49706	48370
43609	38944
46732	47040
34087	33486
20774	22565
37810	37729
5167	685
45937	45943
33632	34815
2605	4562
15789	14014
43386	43605
29496	30073
27267	32022
