200	4291118
46338	48872
38596	39063
44184	44104
10508	13078
13821	11523
4677	7719
8800	7392
6029	10855
43930	48894
15182	18825
51856	49171
7587	5938
17563	15031
25573	21835
11072	7709
35459	37098
44871	45721
17361	20577
34150	36772
42941	40661
15082	12334
23332	25267
8131	8426
36126	33839
-2173	1841
5421	4498
22999	26202
33930	32493
15162	13995
520	3018
10683	6873
14922	18259
36777	35997
6275	3515
17036	21087
53332	49588
34728	32390
17135	12724
17077	12573
21933	21569
42204	37610
7441	10472
28038	25547
7715	4280
19197	21075
19415	20888
11749	13961
46788	42284
14045	15501
11393	9004
23109	18796
32490	32663
39945	43693
28683	25827
17542	21723
39001	38160
35449	39477
17235	18184
4826	5550
10891	11330
49757	46360
38916	42810
36931	36679
43106	41009
41230	37890
33966	32853
13351	10759
21606	20337
23183	18304
29560	27263
31672	31386
42859	42819
15771	15239
39175	39086
23187	18191
25159	29491
2312	4419
30787	30059
5622	5246
12061	13564
38992	42444
14895	11976
-1621	1179
44707	47086
28539	28969
31766	30381
7073	7362
8092	11819
33029	31471
14602	11709
46313	48082
2582	2160
6766	2131
29090	28716
44548	39576
40175	42182
47882	48951
14529	11556
45192	42124
39553	37081
46015	42163
33717	33539
53883	49856
44261	47384
43654	40427
31484	27416
49514	49004
25712	25660
36560	37556
43624	43890
11315	7338
8961	9420
12591	14687
47512	48550
9089	6517
47045	45798
8541	9924
47139	46087
17343	21647
43961	41551
30549	29355
12575	12996
17952	16177
45421	49929
43386	44945
33450	38362
42340	41905
30628	32864
11690	15622
8190	11031
20368	17344
51282	49317
11539	15217
21639	19110
8953	11883
38683	37685
32414	28702
29545	31187
2218	1335
35035	36629
10946	14091
15600	20157
4427	6518
9425	14184
33784	38037
49584	47173
29597	31434
30593	25840
39161	37251
39834	36215
18990	23139
5679	702
20759	17222
37463	41473
6039	2868
43247	42062
41910	40941
2465	4496
19421	15111
44814	44297
3538	4201
34367	35313
43314	43861
39559	35698
6012	7916
27079	26761
25377	28616
-799	1094
29284	31261
46259	46647
30970	31954
52105	47452
13092	8901
15788	12017
10920	8208
20721	21743
-535	2463
6401	9149
46409	44781
35174	32156
35767	31686
26651	28663
40276	36596
19434	15544
1348	5258
45033	49568
23616	20223
3218	4340
46525	48068
27595	26380
22359	22339
38057	36415
12463	8016
48762	47249
7963	6096
10047	11534
21990	25473
51126	47776
31928	34177
33852	36459
