200	2527479
28085	25191
-229	4299
34219	34830
7533	3875
36866	36455
21625	25804
24957	25435
8317	3722
31842	33880
36063	32826
29125	28502
28318	27006
27603	25129
13535	18302
6038	9449
46855	49831
35007	36887
32255	28618
22382	18381
9262	10285
16851	17831
31197	27189
48547	44773
44346	45046
7166	12035
10541	8479
18723	15701
43028	40962
32400	34916
26566	25317
41151	39180
29163	25109
30957	27343
3910	3975
18774	18497
-720	2623
24875	29693
46534	44492
12156	10814
29447	27795
13659	12062
3888	57
22832	27031
30093	30485
34882	35800
19044	22027
14201	17425
12682	10922
27759	29036
11958	14218
13855	14058
40456	45338
16531	19286
21055	21680
43804	43110
40289	41823
19629	15950
33015	34810
15941	18899
27589	32135
34029	31320
46145	41615
47597	45961
3625	1814
41540	42091
6825	6318
11124	11857
5810	10017
31084	35889
46518	49523
3285	3771
30891	29179
48089	48482
35661	31221
25525	30279
41887	40742
37043	39650
47919	49842
51685	48139
4502	1545
8451	9953
32829	32088
17845	14279
46768	47559
34790	31488
33555	28579
5711	10212
36335	39850
2166	4216
38504	34197
25987	22850
30638	32521
14240	12666
10951	7318
23011	21611
23974	28588
8490	6088
21788	20170
39400	38946
37976	35492
10267	6731
39546	35294
30209	27207
1602	2041
40612	41761
50563	46863
49528	44571
11546	10997
39885	42010
30976	35956
39659	35474
19342	18848
28137	24471
24351	23142
34542	31474
28069	29090
20321	21552
7637	6837
-3485	1308
41570	45206
6740	8825
9535	6278
10797	15797
19694	22272
-138	4107
3832	7365
4662	7441
35774	30788
41003	41121
-3565	1116
28879	25668
24097	28914
45670	41261
21674	25086
37974	40954
38494	35244
5504	6302
2540	5242
45758	44288
30554	34072
7681	10595
22825	21684
44094	48474
46484	44545
8077	3607
37000	32964
40162	35343
28358	30945
42474	42103
9917	13592
51570	47293
25911	27776
48590	47340
4500	541
6062	3723
28698	26204
14684	16998
38331	35261
34634	37237
22787	23864
6506	10413
12330	17189
27858	31659
28255	27988
14271	10583
50823	46413
43953	44296
15216	15598
21108	25705
36070	36988
50325	47844
17296	20558
44169	45776
31939	33581
19346	16841
37462	38883
-9	4087
48743	44263
7696	12062
4544	2882
34867	33156
41221	37888
46966	42651
12214	16367
5084	2742
50020	47304
28985	31156
25829	28669
6276	1440
19940	19836
19508	18434
-1014	1284
47918	44160
22091	18878
5675	4685
3881	8734
44088	43742
16563	14823
26155	21497
25885	26285
