200	823609
24206	22889
9991	9946
11326	10279
28337	27683
2951	1020
15395	16116
44090	43277
38604	40590
46545	43856
32839	35623
43406	42181
-1120	1484
18190	13474
17333	18912
23376	21761
43391	41048
11140	7543
27244	23579
15215	17198
48178	46609
48701	45893
3009	5422
30202	25413
30957	31344
1938	5898
51130	47390
1747	427
21914	25368
36328	33349
39506	42967
8339	4901
46949	45355
36243	36934
33047	31614
13019	10447
43710	40756
8335	9985
7485	11167
21206	20193
17575	13263
27358	29004
27824	23005
48027	48716
21801	24252
22727	26745
9908	13218
3735	6067
11877	14683
24738	27553
38445	41397
13140	12211
23475	21534
12751	9381
10422	13834
22901	19125
18205	15201
43847	46479
22447	24478
-343	3058
32410	36788
15956	16063
48059	48816
35152	31132
44561	43383
37128	41108
38654	36459
47224	46992
40193	38078
14520	16118
17201	16184
18957	22449
34925	32209
2344	4527
-4053	7
30294	34600
24016	24251
26537	29194
24125	28614
17731	21200
38756	37437
24606	26392
21752	22269
31722	30864
11535	13756
9031	8659
49706	45285
13119	11705
27393	30119
23688	21699
5300	9802
22354	20793
3698	1509
38335	39107
37326	32753
21424	24676
24667	23613
22909	27003
15116	12727
8897	5400
30035	28891
29574	31927
13484	8538
48570	43789
31173	28904
20526	20558
33852	33748
37807	33870
11993	16883
15990	15128
21101	23427
28670	32932
15075	16855
22406	21033
33064	37341
33865	36421
5376	3901
48134	46460
26632	25034
39218	36486
20098	22180
12172	12798
28894	30982
27358	29751
15131	12033
49847	49929
50049	46907
-395	3372
6145	10232
13517	14737
27041	29894
43924	48323
48521	43652
18604	16187
12235	14438
44355	48247
29578	29447
26147	29743
19190	16792
17059	14754
-2631	1903
15422	18667
1571	4554
36494	34914
8334	4927
24147	27553
43027	45397
8280	5032
8795	4056
47069	43083
35249	35534
40629	40518
626	4034
40537	43576
45785	44197
1274	3498
22941	27049
48291	48411
41034	41728
18812	18313
47504	45334
19780	16987
-2930	238
24588	21338
12727	14940
31904	29719
9187	5782
31006	29205
-2259	672
29984	31275
23328	24322
26573	29899
24379	21614
44120	43520
17303	21374
40530	40512
15119	15643
31912	34983
51975	49293
15909	13846
51846	47975
7601	6202
22550	22603
8482	11088
18473	15142
4373	4474
1763	5485
46531	46531
23442	24437
38986	35098
34553	31019
1872	1744
11705	8963
18269	21048
43712	42850
4272	8423
7847	12535
47190	49840
3814	590
39284	38679
51109	46130
