200	1691413
10463	15296
9773	9723
4686	628
14925	10920
18878	14482
45411	41543
46254	47526
38714	42290
7779	12757
31313	26524
18424	17582
52360	48058
15831	14292
26843	30231
38057	33349
35758	40749
49382	44384
35988	33388
39987	39431
6976	9939
9367	10123
40888	42864
31844	27342
24280	26533
37350	38769
44298	48741
21643	19205
41253	40298
40729	38285
20999	25215
29223	30447
5982	10747
31004	30128
26322	22404
8464	5190
8803	10445
35005	31266
35839	33597
5981	9938
39006	34662
49394	46203
31293	31263
41999	46319
19414	21252
41444	44793
32587	31408
40003	43272
9302	5906
10226	6166
548	4981
12872	9857
45985	49542
-1281	3486
27905	32106
18456	15119
32646	28352
27655	28126
35604	40122
20601	18492
11900	8487
33258	36679
12666	13571
24450	21373
14144	13733
10498	8145
50672	48468
940	1396
16070	17183
26178	30702
11365	7235
6568	9318
4867	2306
44792	46408
17191	19289
33040	34420
44980	47594
38833	40922
18236	18910
14273	11484
14749	15960
2708	1116
25514	24819
38775	36568
19501	19939
34809	37426
24268	23234
36751	35725
-122	3607
16288	11369
47343	47354
19872	20861
37350	38375
22712	24098
45639	49345
1568	711
19942	21803
44283	39801
-1871	920
20024	22020
31994	27923
28886	24204
31616	27157
30460	25934
30124	28277
34586	37584
34817	37265
9034	9131
26923	24788
40697	41526
46619	49667
2719	3906
42713	45461
36916	34590
25980	29465
40124	37036
39167	41346
17214	22114
18961	15884
10686	11039
31066	28378
7431	6621
27627	24545
40055	44323
18026	16385
51064	47691
12492	14655
-1940	103
52615	48091
40246	45112
32912	29052
46211	44029
1073	2496
21741	17953
37780	34119
28523	30342
41874	43324
11021	10178
40203	41885
49667	49085
28401	30262
-2279	2114
21085	23143
22518	25496
34887	33370
6804	8442
36644	34227
44895	40069
42787	39202
6907	6624
33684	37565
15911	20392
25335	23134
8125	4020
37881	38044
8786	6574
7244	8972
29708	27991
8173	5528
34381	36776
27075	22319
44874	42437
41828	42743
21485	25307
31248	27935
39866	35812
34455	29687
6391	7287
30464	27316
49770	45566
13750	16808
50620	46823
11248	8154
21606	22957
6831	3618
14760	14386
11376	9330
27510	29064
16073	11119
20202	23355
25264	25784
24441	26065
850	5249
33028	36810
13405	14474
44477	42629
25056	26334
20265	16378
10152	12452
-2586	470
945	3059
38480	41099
25903	24583
46010	41607
30494	34645
43757	42284
-1408	3007
2499	1599
45054	49998
27808	29864
13895	10487
