200	4221155
38486	42289
26082	24188
47502	42923
40422	43884
14549	13451
24064	28200
31263	32650
30461	30180
33514	28742
39213	42950
51644	49198
1342	1906
5642	6098
41536	41567
35861	31376
4195	6390
36511	34499
26017	30977
31511	30573
36680	41401
34716	30152
1004	1705
36882	41625
18170	15942
48026	43362
5992	3747
2112	6215
39220	43627
22387	23925
6392	6013
36141	35033
17286	18150
17878	13190
11346	10282
1231	5733
8294	8166
41730	41773
4893	5098
-1242	2500
44586	44267
15331	13880
38514	35037
51220	46942
43421	47935
28158	32552
10605	7962
8058	3095
21353	17861
4914	2834
30566	28530
44133	44795
27616	29340
35300	35400
16455	19995
6720	6005
26255	23372
17696	20306
33983	32596
31137	28323
16210	11518
7160	6664
25924	28205
1380	1570
31277	26495
19704	21000
16416	21395
34981	35286
1849	2383
36719	33831
33266	36265
1571	5982
21821	26456
15186	10779
43475	41625
39481	36011
51461	46724
45929	45828
50353	46181
20063	19806
16098	15969
29929	30741
-430	2359
42480	45064
31807	36477
14364	15318
44805	49363
40082	40353
9826	6984
42055	46230
33776	34426
23579	26721
5452	7235
11316	10003
42779	43473
13659	10950
10019	11092
30235	26097
37008	40588
13974	15602
9406	8228
37425	41113
14811	10342
26075	26172
20652	19466
38090	41639
37730	33792
17189	20312
20013	17400
30640	30018
10978	6903
32705	33134
29955	34505
20253	16171
9401	11003
7451	8516
33771	32331
20124	19270
45312	42110
24797	27233
16649	14045
36514	32742
13664	14243
48464	44431
48460	47383
37823	42401
31995	29819
28794	33365
37639	37374
46549	45715
21616	18368
1691	4893
24767	23774
31205	31901
39015	39246
26885	31772
16623	19390
9977	8873
49513	47078
44320	45870
10415	8864
22574	20744
6725	2768
852	3948
38459	42259
27253	27831
3013	6341
38466	35812
36020	36317
13571	12350
31311	35696
33579	30475
10214	10290
33559	36787
8046	10880
38118	38181
15567	18998
4974	9616
39809	43448
14208	14116
12265	15115
34124	32727
39236	40741
30630	28583
6106	6764
22731	18863
33069	33961
8572	12109
12582	12186
52296	47648
6469	5902
51216	46623
44887	47014
45818	46711
23898	24742
17533	21233
23069	26979
5682	3611
12352	14559
40648	45595
22857	23378
7691	6447
33566	29761
3970	4866
24791	28719
49184	47932
24538	23912
35483	37949
-1701	3125
37792	40094
36004	35454
8717	4996
43552	39872
1696	5806
26577	27306
27014	26628
27285	26595
17194	20832
-3773	462
16508	21124
37511	40645
