200	2558443
29261	24323
356	723
42493	40296
15441	18029
48542	47481
9232	8019
8620	8971
12683	14107
35971	38390
18305	13580
37572	40599
31363	28949
35375	37984
36159	33349
26410	29063
49602	46295
39939	40141
41844	42591
44830	39928
14247	17305
44650	40616
34101	36340
17258	18272
20382	17427
-1671	1065
38780	42219
-672	3157
38397	35220
14705	15355
8176	4494
38039	38415
28240	31620
21333	23576
15844	13976
41222	41655
46552	41637
18801	21092
42530	46577
14473	9873
31437	35129
9253	7702
11756	14632
9645	11775
19785	24029
31729	28958
10272	14947
20544	24691
38258	42763
41731	39840
46740	49341
40457	43517
14722	16060
48575	49816
3151	5516
11391	8796
7433	5686
41760	45124
26153	24623
14816	18666
37485	35495
46097	42349
5357	4488
45297	44791
19503	17686
1049	3869
44611	45058
40686	43075
2093	1779
27509	24285
34860	39820
21628	21689
36333	40326
20144	19410
10449	8812
23070	23342
17520	20298
4029	3803
665	4178
34627	35076
25617	25282
48771	48803
49951	49889
2533	4314
43573	46727
24029	19437
13066	14942
32778	28411
9155	11407
13890	9914
1416	2951
27759	25440
33006	29912
26678	28938
2580	855
31401	27089
20664	19897
19121	16603
18120	16626
33186	30838
15151	19927
23068	23326
19541	23065
12634	16554
18808	15199
9627	10254
34350	35063
38747	35798
42500	42365
34097	37042
43346	45866
2204	1321
38293	34645
44081	47148
13570	11562
13495	12753
17300	19008
43573	44411
28275	23284
32517	29176
17162	20243
27760	28453
30834	27966
9583	5339
8265	4855
24556	23815
48217	44656
36443	33412
40585	43571
19094	20089
-995	838
19881	20646
13262	13077
45448	44386
37840	39924
16292	12537
15750	20060
1049	264
14242	15596
45480	45295
15216	18235
40667	38193
48355	47137
25722	26905
37620	33913
17565	19589
34889	30862
11181	15592
31111	29118
4102	2597
48760	45529
25719	27393
22758	21696
32245	27944
22095	20894
23830	23167
51764	47540
15940	17089
34346	32214
30244	28169
15905	20013
13300	16638
48151	48686
-649	4082
39689	38090
35621	39201
20358	16956
52490	48222
19572	18418
13018	10347
34394	36710
31767	29400
38751	40279
40781	39844
20795	18275
26012	23876
22376	22549
3622	4286
5000	9170
1981	3784
41058	37548
40672	43301
16116	12627
29998	27319
45346	45778
37045	41379
43651	44987
3704	73
2737	2429
13392	14646
38745	37769
16231	14271
29620	31235
45715	42528
28885	26873
27121	30273
9829	10781
23396	20368
49805	45066
30356	28417
22581	21603
