200	3193462
4171	6680
12674	7953
8463	5430
16129	12690
18323	19599
14840	12608
49193	46081
10108	14719
9485	5827
11012	6477
30641	34139
16006	14120
47830	48021
31627	36325
4137	2316
44571	43322
-493	263
27687	29390
5051	1633
22794	22179
5845	7863
32067	34716
5007	9108
28046	23889
1210	3808
38140	38500
35515	33607
10836	12229
-1124	2754
32242	29683
39886	35496
1788	855
4791	1930
33042	28281
30101	34385
34336	30784
28438	24610
439	2279
21511	20226
8803	12240
-434	1779
38046	41682
27626	24653
39387	37695
31405	27263
39422	41466
15930	13452
12140	11444
40518	35702
31758	26790
45832	49807
26778	26760
10604	9088
19439	18494
21871	24422
4697	9274
41818	40755
25413	21162
26558	22867
47615	43533
44419	48838
26816	23425
35027	39554
21647	22914
-2629	507
10491	13838
-1631	1157
33511	37923
39511	40263
27375	23997
22750	26248
23066	20287
13960	10603
13843	14770
35353	31226
21868	17490
21539	19801
20589	17056
14777	10291
12149	10029
5116	4596
46683	46469
20752	18891
24975	29473
20260	16018
-1654	621
14837	11442
20880	18308
8161	9510
38569	40678
439	4825
36438	39360
39837	37434
42247	37782
36099	33016
44137	40187
-1483	3344
15666	19006
36264	34582
18857	15617
51087	48527
45235	46833
47423	48200
8772	12738
18212	13658
29124	24987
16515	17323
46095	43238
14342	11865
26987	23661
28635	32697
39019	36556
4702	6540
2867	4595
10816	14900
34839	39016
7902	8886
38510	39562
36310	36470
43816	48031
23085	21804
659	3268
33407	28884
3017	2286
45653	48703
10432	14888
45530	49149
28475	29250
18381	14522
10609	9620
10880	7959
19198	20478
46944	44566
-1585	2531
23996	26407
27018	28767
9072	9267
32846	35102
9752	9497
6344	10649
4059	4948
38465	42971
49887	47383
6504	10041
10758	6641
32836	30657
11071	7734
36784	40088
32708	29851
30013	32088
9036	12660
32277	30693
48849	44757
42673	39940
34993	33329
20739	22644
45604	49728
34231	36289
39548	43486
48809	44901
32019	29949
33955	32919
25012	24509
-1157	3359
29302	25977
37597	40921
6758	5820
43416	48078
11853	11828
12857	10554
23005	26107
2795	7319
28348	29107
27847	23133
6728	8899
39013	41424
37477	34444
34156	36382
37154	33443
24069	28403
38105	42051
5007	7743
46520	48980
32833	32533
41985	43374
-4260	642
8950	13360
46308	45131
43428	39187
1318	1603
29759	28363
7046	5907
9894	13872
1217	1276
41510	42224
12528	16460
37204	41153
37383	34013
17313	21857
43678	44701
