200	2487674
39579	38424
26760	26260
28829	31573
33162	36811
12284	7758
17705	14955
27016	26637
-83	663
45509	43143
20392	19424
30488	25590
36844	38885
27057	28717
18560	18514
31930	30591
13939	14911
33727	31202
26979	22173
47265	49141
37436	42086
10744	12439
39376	38105
34430	35208
10516	9249
17470	17763
44097	48861
17029	20247
18666	14053
1556	4380
31460	33531
9751	13851
10016	14485
46432	41648
19654	19765
48264	49168
14808	17557
14656	18651
41545	36905
44681	41754
38195	37159
31861	31121
11459	7529
17009	15145
44118	47918
42250	41922
41462	39724
28567	24941
26631	27195
26364	26347
28558	23958
11119	10123
16909	20988
49631	48062
24303	29068
16173	17035
41010	39303
6835	4016
48341	44311
19998	22624
36805	34831
27497	26697
15045	11793
12494	9140
2081	2362
35773	31639
26455	30256
23271	21559
35722	31179
12951	14613
19512	19822
48951	46217
41370	42176
9504	10018
39750	40869
10456	7459
24538	24526
42704	40825
34742	36347
2112	5301
4873	304
51953	48615
15108	18196
29568	30806
40218	44799
-586	2107
39812	38229
26287	25245
3064	296
46666	42917
5297	10219
12811	7862
32687	31378
23555	21826
30086	32178
24291	20485
19099	18690
36214	35171
3594	1875
22836	23318
24259	28853
23609	27219
39381	40773
33159	35432
11061	7949
47500	47411
18509	15917
33240	32665
-1350	2752
3973	4973
14630	15908
45194	45646
21619	19383
27178	30332
40095	37456
13859	12594
38497	43326
7303	11942
3764	7422
46861	43249
2371	292
35398	36619
28650	27018
25988	29372
23266	27807
37098	40569
34097	38435
15720	19439
16671	19696
7606	9692
4528	658
30652	32921
34116	38220
14964	17301
33557	32923
47654	46666
-2683	238
6229	8116
13946	12802
14395	14889
16737	21017
41322	40810
37343	39055
23822	25352
3181	7522
8606	13348
35008	39837
33232	34413
-1937	2018
40048	41649
27648	22897
37818	35475
11384	12358
37556	41125
11013	14502
4093	4801
-3918	819
50443	49478
4525	8140
39384	41885
314	3198
23301	20747
17303	15740
24711	22465
37513	37653
43391	41548
28482	28124
9942	6365
20523	24968
19511	16693
47003	42655
19892	24326
25379	30284
14506	9713
15175	18840
11431	8336
35602	32558
11568	12803
5969	7883
18915	14833
27118	31142
18604	20464
12357	17004
25650	20754
-2234	795
12442	15406
27345	30932
34475	29547
45578	47981
14576	17506
46435	45614
39340	42287
26296	25142
6575	6064
24235	27482
32468	31633
11153	11938
38102	42199
1432	4905
48051	44902
49821	44831
