200	812236
4849	5175
44240	45260
21092	16867
8827	9957
32164	28485
30443	27195
41668	44222
7800	9084
28209	29251
26183	23436
5897	4723
8673	13434
15578	17706
32163	31973
43502	46485
35727	40359
39555	40990
6140	3334
18060	17938
25405	25619
49677	49214
48129	45247
-286	4701
26444	25636
21194	24352
48550	45934
21327	17257
31995	28244
41775	40349
20525	22833
11309	9545
24767	21322
10156	11258
26643	23727
20402	19220
21376	23128
23510	20838
4629	3478
25264	20588
14111	17668
8496	11333
35358	39582
28874	26998
5822	8723
20764	16788
14684	13513
12662	16413
36973	33127
31032	30934
32746	32143
4657	6816
45819	44196
24415	24421
37369	36664
33819	37435
17658	21520
8099	12463
12704	15325
43271	44146
14306	11641
44802	49234
42198	46383
42365	44282
24907	23410
9554	6668
25080	26677
21054	21953
-908	67
28688	28169
20750	16454
20079	22176
6380	8509
48121	47786
47152	44426
25779	27046
7186	7636
14232	9553
23895	21471
43868	46099
40375	42822
34229	37507
18889	13905
32186	30271
42216	44861
50550	48317
29050	29800
21504	17175
35758	35729
18984	20351
28241	33073
29256	25347
7735	9343
46733	42552
13780	16929
9655	11064
20569	23648
17813	21264
22991	21060
30219	31714
5466	2195
3324	4488
26250	28679
7033	7844
10998	12913
13670	11958
36045	34974
1098	237
31159	32183
47368	47524
21959	24165
39177	39650
17760	21293
21515	24845
50956	48201
30595	35075
22660	24133
6944	2632
18886	20410
10003	12445
8640	12645
30899	34167
8866	12695
43248	40059
5624	2537
14983	16042
24026	23333
37062	32407
14688	12418
42942	40616
12371	8099
42618	38231
41987	41814
21056	22914
39301	37976
9041	8843
40010	35788
5488	4942
-818	2447
46178	46356
10398	13770
37446	40935
14212	17392
37623	36152
31841	28421
40619	38157
43514	41117
4056	3506
44327	42317
30108	25776
5465	7495
49078	46305
2536	4210
25230	23172
17054	14679
39436	37137
46329	49269
14438	10819
36043	32671
15065	16794
9900	8142
15628	11350
34259	32007
44578	42541
1294	3227
35041	30592
53242	48528
13759	17872
9534	11697
26687	22363
28713	25725
-4080	887
10837	7013
22179	22288
20964	18758
7677	6880
16241	11871
42249	44197
15273	19552
14690	14088
24115	19650
12178	12688
36252	36021
12250	13917
35096	40045
16315	14875
39415	38027
48338	44677
9332	9797
16550	12650
43958	41772
28664	31619
25172	22478
28031	28717
23615	25485
49982	45255
31132	30129
3527	2574
28730	28951
19308	18774
24328	20530
