200	3429914
12182	9010
13854	14281
21335	24097
35585	39891
29923	25749
15942	14393
30311	32661
36376	38215
31749	33625
37685	41576
39370	40859
37375	33997
2648	5292
11346	12497
8982	7648
5470	10169
35098	34144
15720	19162
26101	26392
8331	3908
1892	3469
38394	36416
6190	2538
13876	15003
10690	6754
37932	34775
11850	16192
45655	41242
30609	34992
34023	38074
18115	17482
40	4515
46470	49442
42064	39386
37630	32938
12957	10523
18653	18269
4843	2165
20632	19401
8254	4511
42492	44693
36874	38152
21342	21118
43544	44714
18547	18370
37020	35421
47593	46154
33279	32420
21878	18049
19027	14339
20056	23013
42872	46645
2642	644
30421	26104
38207	35607
47153	43376
34483	32718
15808	11262
12930	10591
17286	16639
9636	9941
44669	41952
40399	41384
33409	29968
29680	28969
-3969	454
3663	4902
15885	15585
42253	37783
30836	32814
5245	7596
39935	44230
7550	8720
49847	47986
8626	6402
37960	34490
50456	46586
22027	21441
30241	26290
43423	46433
40004	39468
12377	9994
20541	21233
31936	30319
16410	11708
2004	68
49465	49843
22050	17268
11906	16584
471	4033
50575	46392
26279	25085
29682	28158
27538	28982
26706	22489
4805	8321
28199	30847
36211	39971
17730	16967
45145	47387
15725	17349
25275	24156
9674	7805
15491	11286
7476	6414
20704	23172
23485	18782
17206	12772
13121	8383
11183	12113
26831	27437
18033	15164
31887	34677
38504	36835
44512	49081
16304	18733
14460	14410
14630	13528
51695	48069
5416	7808
16841	14757
20193	17028
1535	4880
43456	47068
5963	4126
2802	1112
52580	49542
45160	42414
24773	28462
37142	39886
46340	46996
42632	46871
44993	45905
28548	29359
40747	45593
-1310	3566
25795	30754
9788	10617
52293	47436
35147	30803
3837	6641
35455	34981
5296	7603
17481	19464
42126	39113
36218	40564
36230	31362
49348	49456
46502	44510
14432	16043
39121	34500
43327	42343
29639	31936
5692	7566
26414	30335
28268	27727
37295	33240
18632	21160
43842	48465
24283	25647
17763	21971
19666	20539
32038	36753
27127	29696
16236	16796
4900	5154
27046	23631
21347	22762
21607	18954
17478	12692
14818	10830
51651	48469
45227	49382
36992	41802
4487	2476
20587	23538
24099	19703
34460	32793
24171	28004
20994	23426
40554	45454
23990	23531
33960	34090
45433	43184
102	4824
48087	43803
14181	13414
36553	37224
41884	45614
43368	39269
2591	4759
41476	38615
43486	44633
43264	48164
14111	15497
11394	15750
1860	6859
14446	17114
47448	45988
18526	15185
