200	4298433
49083	49621
13546	15716
18706	15310
43629	44197
13731	18283
33940	30264
34612	36226
22224	25776
8679	9464
-3901	179
38082	40154
51025	46787
1372	116
39757	44368
10949	9827
43744	44636
6234	10568
20374	21529
22512	25619
40771	40828
25437	26559
30132	34123
36282	33505
25285	21189
28635	28157
2202	3945
14682	15899
3629	5415
6895	9082
21564	17220
39093	40237
23289	24378
25366	20852
41476	43018
3961	7718
43447	43540
6735	5846
11059	6248
40722	43133
52912	48268
-1936	2139
36765	35409
16606	16287
5722	6404
50007	46872
28715	29473
37143	32715
17168	17680
37398	32644
42091	37365
22014	22129
29019	29345
31965	35139
42243	43925
2265	4738
10285	14795
39324	40423
40021	39106
20050	19371
49495	49290
3115	1444
34146	33300
32829	33892
40902	42325
43899	40996
40113	37993
36590	38367
38955	36753
7801	4058
4052	6877
31424	26953
22010	24752
35829	36279
26393	30824
41071	36643
-2296	2685
43707	44267
32514	28889
21246	22142
16899	14000
11723	11685
23981	27320
52717	48799
20183	21797
12583	15819
21460	21142
39113	39221
3050	1183
44888	45891
22877	21542
46799	47759
37570	38724
24977	20394
9457	5390
30176	28180
53763	49218
27245	28228
17679	22435
2543	6272
20345	23496
7072	8693
28592	28749
1417	2578
12875	9317
53140	48641
48755	48763
21939	26900
4727	7198
21301	23446
2757	4181
13513	15255
5775	6630
29657	25889
38034	41595
34661	37160
23122	24303
33463	35889
13820	11546
10878	12634
13205	11549
26599	24144
47978	49894
4282	309
1297	4184
14038	9796
14125	15106
30510	33340
28928	27760
4002	6976
39471	35049
13792	11473
29899	32383
15498	15556
11269	9584
6419	9614
46337	43569
39157	40856
26517	30384
7027	7534
3109	791
35305	36547
32066	33171
47699	48953
285	1732
30681	34981
7701	5186
43157	38347
27592	23791
17423	16984
50691	49894
19512	20999
27041	26122
37088	34090
33044	31297
47473	43625
40390	36915
6091	8850
11622	13436
37371	32750
26369	24622
47989	48811
42920	47190
23482	23391
20109	22492
14633	10210
46597	47236
56	3840
47425	43423
40200	44808
50627	48413
28416	25463
18888	15460
44059	41343
32781	33211
25835	22528
37792	33873
17988	13489
13846	15774
2382	411
41720	39978
47915	47992
45323	44734
15175	16435
18561	20115
45936	41003
42378	37962
25028	21332
2512	1796
32536	30858
28099	30764
53485	48658
37337	39621
580	4080
226	3706
16932	20860
22543	23171
53040	48217
21855	24646
16550	12141
24556	26192
