200	866009
16039	20767
39066	39957
14893	11323
25764	28178
3823	5015
45794	41366
32626	35673
2325	1004
12428	11018
21925	17766
-2028	2963
16650	16250
32352	29407
24598	24101
34566	39458
32860	31390
23861	28734
39132	38310
45480	46107
26679	25769
13870	13892
20137	18724
24199	23857
15229	15365
53218	48309
38745	43082
42442	41351
43443	39547
44589	41749
1779	2764
28356	30333
22249	22490
18316	13836
29378	32620
18879	21280
31523	26764
43192	39568
7447	8235
5873	904
45794	44202
49536	46022
37978	35243
41169	45947
17027	16598
4014	4044
37678	40509
8857	6788
16414	14505
-1884	558
36128	37834
29152	27565
11125	12786
8323	8926
43717	46123
6989	3759
46106	47240
42999	45828
52181	48636
48313	43907
46078	46352
3050	1938
30375	33722
16612	19875
23073	20621
16049	11838
14612	10891
21438	20124
-510	3602
6220	1295
29892	31561
8765	9000
34246	37482
30152	34594
14670	16536
10932	10256
37678	34059
27080	31322
18765	19301
3817	5482
155	3285
4589	5951
42961	41773
37413	33493
3033	3949
31156	35918
36153	35765
48477	46671
31053	32501
8316	11235
-690	97
37648	42080
7328	5509
49598	49305
29161	30545
46784	48619
17588	13018
21583	18166
24261	26222
25216	26516
1148	288
49944	45420
24706	20528
31675	34298
44646	46431
34076	31402
48990	47509
39964	38199
31384	35005
18939	17451
52884	49865
41046	39814
41793	45303
34654	31384
31120	32852
34370	33846
32610	28412
11349	9984
36471	34972
44924	42116
25504	22155
5483	7353
20443	24161
38545	35075
36334	35814
13728	13286
12127	8765
1732	4391
23003	23679
44498	41026
46436	45708
22983	20538
44064	41962
16985	19236
47827	43865
7753	12122
13015	17289
27345	27990
30048	34466
-943	1240
41061	37353
23704	22755
5382	2209
5575	2157
2856	5322
29059	30303
18769	20788
31390	30642
10930	11611
15090	17553
15710	19895
31013	29473
44129	47839
35364	38562
2571	4056
32519	27859
27686	29338
39985	41089
11615	13534
40790	44210
15006	13876
23230	22665
44532	40286
2850	5088
27183	25385
15844	11408
37538	36625
47871	46263
29913	32433
14428	9873
30973	30888
30996	33300
-3787	686
24916	20541
8302	13035
29777	28900
44745	47478
8633	5656
35443	36700
35154	38296
26175	29340
35869	31467
23247	18279
18277	18691
26482	25419
51763	47702
50473	48528
35689	34897
34656	35351
40668	39043
19484	19532
11445	12392
51867	48164
39098	39898
16347	17887
40064	35263
14787	16079
5344	9121
23618	28561
382	2984
53818	49616
