200	4288967
39782	43440
29065	31031
10136	14343
-2206	244
17257	12996
41896	37936
50651	48512
35194	38754
12301	16335
19450	18419
18992	19648
759	30
-25	293
23116	27799
18640	20191
30321	33317
30528	32968
13753	9908
35828	36721
48693	48174
23324	26017
22141	25581
29655	29038
18095	19128
38299	37176
5811	5192
46692	44956
34098	36475
6509	10009
46479	41577
12538	15604
18048	14139
5503	3294
46340	42040
47192	49159
25543	26956
15418	13538
17300	17016
7883	6670
694	1241
42031	39051
18416	15522
-244	307
48713	49528
40820	38163
32583	29601
4657	4872
1635	3160
8102	12232
9321	11652
1666	4213
40780	42842
10081	5444
19571	24284
24655	29606
21977	23845
12293	9315
37895	35764
47845	48406
37613	34956
13609	9022
21249	19602
40411	38291
51234	47945
6095	4908
40578	43700
47576	46591
3219	3181
49458	47627
46391	48467
2032	6648
40385	39146
35345	37366
14952	13282
19091	18219
18624	17581
23239	24820
38806	39464
25136	26141
19130	21071
9856	13505
8561	10027
30562	29380
52160	47668
20348	16238
45060	41471
43788	43612
25011	28944
45640	40815
6538	11496
35884	32950
43283	39193
21076	17464
816	2202
36967	32661
34200	33913
9315	14282
41837	45715
23282	27155
15915	17735
38303	33698
49892	49444
44545	42815
16604	18598
31784	30425
40064	43766
34782	33729
30581	31991
17983	19172
2629	4682
50798	47305
50560	49746
1050	1016
19254	16221
50255	47207
46078	43290
25129	29743
43523	47951
19025	19053
20502	17028
28033	29426
42624	44789
20113	20681
35511	31393
42208	40642
5244	3890
12360	9628
34624	38794
18327	21095
-204	123
124	3229
33286	31813
18423	22284
14521	15165
8790	8242
47788	48781
46158	47366
3856	4044
4765	2673
40759	36677
40002	42339
23399	25631
14987	19512
6746	7401
17890	14846
22945	23233
41635	43994
12264	14392
5522	537
413	2933
9863	11996
24339	27805
45583	41168
51110	47924
14048	11725
45410	41964
17685	17232
27144	23962
27620	28558
-1344	1933
44683	46029
43282	45473
35302	34054
7260	7888
44009	39572
7077	3078
14956	18872
46343	43311
14425	19173
45193	43476
6683	10893
14512	15426
28811	23895
31156	35255
51786	48477
50625	46234
33991	35088
15272	16305
46582	45500
50229	45746
32674	37431
25934	26209
12958	10020
22448	22727
51393	48463
4960	1275
3017	3977
38407	35457
10841	10429
39353	42400
47161	46695
44773	40682
17220	15425
13060	16380
31596	32439
44888	44053
8972	5500
6391	9685
14229	16877
-1701	2066
