200	784616
12364	9873
9874	12509
35067	38093
16707	16651
7167	2215
41321	42982
34948	39527
11605	8346
37495	35526
8904	11813
29986	30351
11935	13771
24397	28757
23041	27650
10611	11863
24562	26453
32392	35076
38861	34858
49396	49533
1524	464
8473	8812
39794	42909
2359	5235
5954	10631
16485	16814
36151	41082
7414	11596
27840	25728
44625	49120
17629	15414
34970	35125
38751	35221
7221	8860
18060	14513
11971	12588
41827	41380
37615	40882
26390	27217
-1164	655
45636	46109
10791	15360
30112	34078
46320	43874
41923	44432
46555	49089
34968	36376
21800	23208
10773	14226
40534	38483
51523	46626
4840	9372
35806	37679
4911	1042
25405	26683
23406	22544
14722	17025
39394	35345
32827	36238
43904	42817
36093	35051
26277	29340
30170	31559
30726	27909
28755	26983
31088	36082
41414	44984
6143	7129
47903	48255
2511	3000
-2204	1035
26158	24385
2377	569
41082	39558
16612	15286
12328	7438
37385	42114
42851	44963
4589	5790
24102	27337
12988	17231
49969	47517
21997	23167
16057	20060
16080	16024
7868	10637
9991	9176
7774	7823
25019	28549
17919	14480
20839	19314
8493	12688
33242	34840
25895	29018
22252	22704
8228	4827
46628	47753
9717	7833
11102	6786
6571	1647
17423	18109
25496	23553
38515	38439
19720	24141
28148	32621
35222	30879
9121	13067
4603	5845
11187	13193
1563	4887
52323	47606
28754	32065
7819	5891
25289	26881
1829	2557
17571	22050
4975	6834
39350	42744
36	4012
10940	12278
20566	17760
37022	34520
41060	45173
39914	38910
19956	24383
5235	9523
37424	37326
10323	10321
9780	14496
9312	8022
19869	23150
338	3098
5987	6987
23728	23068
30272	31222
8824	8075
17806	21548
-1351	838
15712	18536
8414	10531
27350	31079
6946	9356
1388	1503
49803	45160
23688	24947
37426	33185
45566	44563
9911	5905
13339	11514
13124	12433
1241	3419
48263	45148
27038	30400
19661	22778
9941	5786
20875	24515
36762	35422
30218	31412
6044	10870
44833	49720
29762	27295
24357	26318
31346	34394
24348	26122
17529	21425
14149	11217
32384	33539
26192	21706
16911	15281
28175	24829
49247	49962
7538	11446
13777	12814
976	3503
29759	27537
35638	39214
39074	34110
2966	3561
4134	2378
10757	8599
11430	15933
45999	48934
37770	40383
47020	45137
10579	6347
17387	18295
23672	20160
54278	49826
51000	46534
43514	41335
20659	20061
13710	12990
27358	30987
11275	7078
7863	10303
30406	31361
24505	19795
2573	4279
6535	9654
46547	47863
52138	49398
