200	4370011
8601	12124
35027	39780
41551	39682
-2541	153
18746	23314
47901	43804
-1146	1385
41283	39553
37896	37131
36224	33746
17318	12324
28998	28878
14198	18466
45817	47505
37429	41793
2996	351
13106	14924
20730	25579
17445	17161
38873	37258
10226	14145
11839	7556
27388	23945
9563	12471
23074	23334
35100	32111
41992	44355
2238	5325
48226	47165
10231	14751
45700	44952
48359	45158
24851	22600
2439	3916
26603	27535
52525	48207
39022	38761
5744	7031
23865	24040
42096	45220
7544	12410
29849	30286
31518	27449
11012	6040
32624	33024
30516	33603
41299	36753
47676	44489
32678	28298
39407	40924
15589	11268
50107	49026
-3676	357
18755	20833
33096	34344
25829	27511
6822	10336
35184	36958
20639	22569
37339	38445
-1234	1868
26890	26089
23584	19994
4142	2631
8122	5038
10130	8751
5346	4560
3558	6429
27597	25121
26785	28954
41437	43127
31807	29611
23924	27885
41117	38840
39785	40201
49206	44901
3124	5718
28970	33774
48805	48081
5591	8037
23389	23220
20142	22567
3397	3853
45903	46795
31480	26748
23602	22943
34851	32436
35848	32314
47186	48528
9170	10893
46185	44838
3570	3860
20027	23624
14251	13139
44281	40398
-1900	2573
32793	30153
18881	14669
23866	23587
19349	23515
26588	30842
2072	5235
21972	19464
41453	43493
323	5173
46638	42436
25534	23587
1058	4129
45091	43711
17889	15017
44985	42675
20407	15715
4522	5140
22135	25287
5595	2106
48090	43863
20264	24244
10382	12990
25354	21885
7370	3570
45223	40325
13718	12690
40402	43615
18513	17682
-1331	2029
23663	24579
43677	41942
41132	36688
32971	33848
44782	47630
10303	5406
40669	43833
30371	28487
19060	19671
28051	30554
34604	35229
36161	32225
16524	14657
-715	525
43744	41422
38434	42733
5629	3675
28347	25094
10666	5937
13120	15498
24566	21917
34721	34525
23588	26629
47017	43839
25440	30192
39660	40511
28975	30429
22670	26864
11447	12147
15941	11795
37117	37576
14906	10991
27105	24587
32033	29973
51976	49860
49320	45199
48461	44768
23942	23843
45901	42379
34301	34401
8094	9696
15057	17526
47216	43254
38532	39767
23930	27909
35601	31996
19308	19119
44164	42086
19216	17168
9341	11354
43602	47293
8388	9840
35208	30625
51457	46573
10419	8549
7243	11093
21351	17202
15843	15922
47105	45036
41656	45398
44977	46000
42864	39679
49864	47740
40329	44415
26378	21531
11865	15587
16515	16462
37014	41398
5522	852
26670	30743
49417	46013
32370	36366
50411	45549
11721	7964
31286	34673
