200	1660794
23528	19848
5707	4183
35638	32169
36511	37294
27090	25790
38764	43096
34906	38028
8012	7879
16919	15910
25934	25569
26153	29088
42163	39883
3461	7509
29104	25099
11335	8257
32641	32123
41679	36745
35864	35685
9160	6649
21272	18591
8431	3548
44337	40288
2261	6405
41992	44249
13221	10675
9562	13827
18307	13635
22427	24736
-1985	1310
34802	30333
12337	16792
29768	28783
8250	3368
10244	11798
4042	8184
21794	20908
25739	27251
19781	19521
41179	45215
3576	4841
33932	38624
50439	48034
8384	6275
16806	16101
17181	16417
32415	29787
-644	253
46056	43758
39029	40238
34034	38330
10522	12691
9444	11928
9884	11221
-1142	1196
14890	11911
32280	33682
42956	47051
11888	15254
8150	10645
46490	43254
42069	39765
15911	15895
269	359
8839	8311
11335	7399
22414	23048
38637	40859
-1375	2283
14287	17541
16181	11539
20069	19372
21135	19957
48186	47517
16764	18592
48140	47552
23280	23914
23478	25198
26607	28604
7493	11440
1566	1472
8838	8832
4315	1288
-221	3226
45964	45467
15425	14674
41248	41445
7851	3442
3569	7252
36744	36198
22698	19423
25557	22756
46451	47394
9181	5412
30955	34995
21864	23737
19374	24064
50339	48229
39509	38167
9958	13744
30406	32557
44040	44499
42378	41851
14329	14253
43846	47386
22826	22425
19831	16429
25973	26966
29428	27291
182	696
15801	11402
47582	43131
6792	4350
22905	23377
9922	12473
36035	38012
8271	3273
29616	24627
30122	31773
25521	26312
10992	11975
6670	7917
14952	12142
23703	24611
47023	45363
41336	44710
25271	26042
15744	18921
23474	21163
3101	7502
-2714	135
38650	42319
40455	37024
49585	45537
18715	16762
47102	47670
17388	13236
8220	9847
46740	44789
32678	36316
29991	32244
38500	36367
53320	48895
37397	36118
47954	46568
18512	14783
13016	16086
21551	25605
5717	7163
44751	42502
10810	14325
43791	39304
39750	37579
37273	37750
43664	41991
45237	41903
36846	35425
50802	47139
42347	40858
25808	24373
8930	4609
1382	4364
41612	44924
23573	24273
27593	29753
26231	25203
734	1578
10499	8205
49809	45466
2138	5007
28998	33519
36072	32023
33742	34368
46250	48552
44952	48797
32893	36840
26609	27709
17297	12486
35084	33278
43079	43953
18960	14263
44963	49874
51946	49280
18962	19541
47989	48086
23816	24138
26656	24388
26810	26198
6044	1379
18559	15919
7619	5096
18232	17726
33702	32339
19137	20558
10394	6427
8848	9391
37586	40708
46269	47104
41320	39199
33111	30308
49196	49439
