200	794690
12108	8040
22078	25772
49170	46655
16526	12635
12794	12540
25102	25969
10240	7686
27593	31399
2723	5689
9102	5882
35728	34408
32391	35351
3454	2547
14454	18074
9978	13046
9513	12747
8301	5881
-322	1047
3508	5158
25510	29507
3964	3938
34140	32128
20087	24545
41009	37516
21431	16922
16151	19775
31949	34924
32542	37339
36290	35510
19533	17155
5881	5581
48356	48835
29680	26818
26645	24779
24841	21155
39788	35346
30309	33052
19923	19574
14806	17686
48536	47334
30144	32181
-1282	3039
16706	16936
34430	35966
47768	42962
42381	38236
32156	30939
42376	41514
38254	35229
14395	11974
15093	16717
10047	7274
15488	16465
8890	4672
27303	26665
12615	17113
19235	19051
7291	5356
-2853	924
7255	11936
21244	22660
19065	22447
26137	26841
6141	3115
3822	7117
27718	27784
32772	33129
11213	14962
48342	43986
20203	19906
31166	29422
19678	17135
33407	37939
6452	4549
42423	44540
34765	39012
10631	13776
1057	5061
28671	23992
22702	21330
-3370	510
3499	1947
44955	45394
48759	44059
32631	36237
26778	24809
49503	46125
35051	36682
33605	33723
13174	12725
35105	30637
50693	49736
4308	3771
36342	37478
41607	45242
44378	48588
26317	28425
15405	19347
16625	18595
15938	17856
39857	35965
11794	6851
25892	26795
43742	45377
26496	24364
3784	4665
34557	39354
32024	35073
19818	15462
16341	15625
7570	9137
5743	5090
24512	21952
36984	40876
45162	49038
13336	9896
9501	12373
43474	45852
41130	37593
18512	22286
14315	10576
-1074	180
9161	12488
12271	13005
38411	36608
45426	44512
46939	43210
42884	46255
3296	836
44247	41121
38777	41543
10127	13390
41919	44170
47637	43783
24850	25072
37261	39622
38199	36979
15923	17511
20316	23641
45032	44738
12622	13202
2449	7155
39771	41786
7941	8949
36022	31227
21944	16988
35489	38478
29202	26714
9638	10905
15125	12534
44176	49163
31911	31996
27695	24592
45927	45557
18729	16346
26531	23286
7335	9391
18065	18794
15848	14357
40384	39581
12685	9247
19293	19383
17970	22883
22378	20378
25306	21714
32644	37364
34939	35968
25262	21812
822	2629
3483	2656
29564	26231
34722	34030
5533	1573
5542	5858
15057	19114
41433	38831
1677	6511
13220	17190
28995	33284
658	1002
5459	7033
43715	44630
12852	14904
-2845	1472
38211	39111
38323	38205
25231	25298
10251	8088
45154	48035
1917	1469
45981	41654
12485	8058
37334	32993
9673	4876
42222	43585
8990	13856
-361	3753
40970	41274
42490	42285
31309	30360
