200	3276055
29545	27443
37590	37107
39429	37867
37818	42574
32762	29148
26028	25470
41474	42161
4921	4119
13237	14707
34086	36992
26958	28845
29835	33938
38137	38892
7251	5522
18943	23280
33116	36853
-3400	1177
11417	11212
17326	13059
26733	29329
46300	45647
9847	12392
41356	44912
17607	17002
4573	5242
38715	38870
35621	36581
-820	1801
47791	48635
14195	13972
50245	49175
33620	35697
-29	3337
44994	40914
50594	48421
23694	25643
35273	36212
35323	32744
11950	10371
38443	34711
3588	5606
23497	27309
44659	43388
919	155
-2875	1951
34041	36713
30996	33058
9280	5259
35244	38146
-2426	788
9003	7120
-3661	1266
30373	28688
25549	25756
11182	7329
45625	44417
21652	20880
13355	17731
35016	39361
7446	12028
39790	44688
46059	45425
-448	3736
44632	48873
23551	27877
714	5024
18333	14735
37604	37202
39711	36077
33007	34987
44834	49365
13501	11069
36178	36060
48213	48675
14164	17243
31085	29402
22353	20129
44804	44431
26555	23371
3805	3922
38892	38025
35399	39826
12282	16448
17286	18251
41795	37965
36450	36171
-1235	154
1929	5884
1288	5398
4737	7840
24959	29814
2803	4280
45064	43767
40914	43511
14982	10524
14499	11523
21937	17557
17068	18182
23893	25224
31679	28863
19242	23716
9386	9196
28438	31528
43905	41806
3144	6560
13013	14008
41309	36811
32079	36398
37076	34828
19517	22780
4740	353
42109	44131
42207	39844
40210	41577
29845	28038
40142	36870
21385	22665
22388	18351
36218	34983
23179	22964
27252	24705
5685	1766
14458	14892
14874	14563
46940	48425
32264	31365
23181	27718
36699	34822
7641	10392
10041	8876
9498	13230
16317	12590
17549	21835
9872	10719
33405	35098
13881	14193
35467	36604
32034	27255
19389	14883
17572	14353
38633	33818
37687	42349
20328	21642
16875	21823
36675	37768
26713	29707
23763	24277
7529	4601
9107	13891
38780	40856
19326	23693
47820	48614
25371	23958
7944	6836
15948	11973
29509	25281
44763	46170
36539	33454
16889	12796
53431	48672
21760	21572
12145	8700
51667	49229
50307	47172
33037	28252
9024	9368
32326	32774
50172	48340
3159	4670
4734	4600
16202	17700
22031	18120
2419	3708
31372	35776
15227	10580
32211	35669
45553	44923
1803	1959
18478	23424
7752	3881
15444	12820
38694	40782
3529	1346
32682	34608
4097	5568
34527	34609
33534	36979
5699	8820
43950	39281
38497	35095
39261	36125
2645	192
49163	44724
17184	18820
9109	11758
19265	17764
22771	23254
668	5012
8432	6815
9500	11003
