200	3253713
7249	6092
31070	32867
49178	45434
25374	22781
50363	48455
41132	38020
30295	34194
22068	24533
6001	7894
39832	37315
9993	12434
14782	14779
36256	41164
44504	44951
28095	29283
24980	22610
25106	22425
12592	10530
10094	9640
45660	43105
23703	28529
5124	7919
17561	21564
29174	33936
38831	39128
20647	16023
14767	18996
11619	13776
3781	7871
15395	17186
16641	20378
7088	2454
23931	22387
42414	43531
27063	27945
29190	27224
9402	6099
632	860
42599	47516
13556	11825
15213	18396
24318	20625
34554	38208
29354	27042
15455	17208
32525	31793
9412	7360
43418	45533
22722	21668
23237	27047
24884	26964
17502	15998
25513	26626
31049	29852
22881	18162
23368	23077
20838	17423
34875	36327
51987	48246
50040	49723
2600	5538
10884	13756
25932	28734
20347	18074
38103	38844
34100	31553
19161	18470
8688	4536
27877	31788
44121	43918
49198	45207
15282	19517
28435	33355
4112	4488
27838	23639
13223	12107
10565	10212
42834	47040
19105	21950
6799	3733
17725	15466
10422	14740
21668	20225
26372	24561
31119	28321
9858	5250
50589	48646
29031	24944
34581	38489
35979	38410
16985	20030
46455	42839
4407	858
7621	12468
45635	44126
18667	16916
41361	37270
21450	18036
40976	36614
44319	48900
17761	18126
24003	20985
46695	42270
49279	45517
41923	40219
1873	6452
3552	1444
13486	14057
26854	22402
33325	36207
52481	47607
658	1729
29654	33764
26708	23450
12774	12450
43981	45829
42418	41879
36719	37773
6925	9374
26055	30938
46723	43702
15958	15803
8864	13066
33905	30826
19359	23001
23366	24647
38930	35783
35100	35137
11405	10281
9412	10227
10634	12157
27786	28021
11437	13347
32921	33595
12630	15225
33993	33646
10974	9758
33410	30423
15076	12343
29042	34040
44103	48607
4541	293
2216	1474
20955	25484
14481	10496
40250	35306
40433	42918
244	2478
22671	20272
37903	42334
3848	3442
24535	26854
15471	16583
28613	32352
16719	19120
47429	48795
34700	34096
42476	40452
28952	25185
32807	30932
32129	32875
6384	3115
23165	21124
7773	8034
46870	48833
32650	28590
23042	19081
9292	9521
33952	33616
136	3820
50048	45416
54151	49965
34348	38249
29226	27061
9770	8362
3791	4595
21317	25175
14149	14469
-551	2913
30203	34823
28565	31467
21493	17130
45583	41250
10405	7267
2103	1262
16405	18312
843	4346
29951	34044
341	4335
48275	43975
-933	439
27309	26768
40637	42777
2117	3020
3466	7048
31830	31457
26376	30287
35898	37173
22358	26550
3780	2554
