200	2567074
31995	32719
10669	10840
31705	33242
28539	29656
49985	47240
34082	34823
44213	46534
34801	37627
19192	23947
9906	4968
21118	22841
23160	24414
12791	15057
22278	24662
11790	9049
21719	18186
7538	5713
8591	13401
42709	40662
25355	21380
17912	22804
33348	35468
25549	21028
5439	4985
35290	38080
37481	34220
2365	1069
48995	48967
-662	2960
41215	44906
44065	41769
990	5239
24729	25517
46592	48618
38238	40137
45280	44347
5763	1006
31190	32993
17929	14867
3731	223
48660	49224
10570	13751
39602	43487
33519	30852
29691	28940
12372	13217
23830	23773
13877	15157
40241	40976
29323	25004
1338	6302
33655	32128
38667	42578
15684	19575
2922	6008
45421	46207
7879	3095
4650	5363
47045	49824
23540	20496
9027	10999
22192	22989
27165	29361
19320	21573
31009	27468
13307	12573
38075	33188
50180	47577
43367	48072
19600	19930
53594	49017
35456	39856
29665	32760
39053	43738
39177	38489
17224	20281
6513	6798
20707	18639
32780	32139
23836	22019
48360	44335
3010	6473
39214	42287
18116	16772
29263	30901
24464	23674
41850	44676
3390	5118
7850	9406
15473	18908
38481	43377
10678	9109
38620	39214
18362	17347
51322	47714
44806	46197
10453	10499
13425	15736
17057	18680
20940	20532
10933	11954
10017	13897
9348	5462
44521	44771
43257	47677
22011	20212
3234	225
54252	49554
9148	10802
10439	6085
11429	7918
38214	42526
45175	45103
15373	18641
50545	47183
7750	12479
23928	21448
20699	22219
3573	3952
18224	21458
20340	24855
51615	49547
32622	32789
17157	14854
8868	10050
42942	40292
6287	6398
2225	5991
34351	38805
11736	13724
44045	46249
45928	41262
20706	17158
6128	4136
-3669	18
-3368	332
45940	45967
31914	35796
16947	17368
8221	7421
2228	510
30034	29767
46518	47363
35429	31640
43319	39229
36012	38485
29288	31579
39660	38806
48582	47789
33298	34889
19352	19262
35188	38923
23800	25201
6787	10260
30224	28384
12176	9759
43300	44724
628	4594
7437	8943
32451	28223
11992	11554
-170	141
31691	29629
4875	5464
1670	6320
45589	40661
29557	30443
19135	22377
49727	47053
28218	30903
18741	20339
8481	9219
39516	36834
22194	20331
34639	34265
34216	30885
45366	40698
33063	28880
4300	3766
14032	18404
23561	20798
32471	37466
1347	3884
38107	36710
30584	27831
36417	41412
46893	42845
22478	23811
40115	44318
9576	5554
35165	35228
44782	44650
24312	24095
45461	43428
44399	49038
24206	21958
29743	30336
17360	13629
23944	21826
17253	21715
