200	1655047
43972	47586
-767	3854
30672	35019
38722	41073
29537	30728
34715	32235
44053	43385
7722	2856
31774	33806
7720	6670
14738	11279
45618	45291
32363	36907
45625	44431
48497	48670
18108	16054
24906	20073
29740	26604
46454	41916
1385	1087
35694	36314
52623	48946
3782	6518
34008	33790
27639	27851
12721	14228
21994	23419
18256	18089
32314	36922
43218	44543
38586	38607
44446	42243
44329	44015
44917	44097
33710	31410
42108	38647
12531	7619
19513	15364
16846	14586
52231	49742
37136	34564
-285	4496
41097	42564
46797	48374
18160	16527
11871	8848
15264	11057
8777	9173
532	4123
23965	21556
18143	21335
21155	19124
-606	1412
37854	40554
24370	24749
42701	40979
36084	36513
48271	44475
21299	16585
44758	47932
2797	7120
31020	30698
37154	38567
44515	46748
3502	5206
20284	15366
7983	11530
5247	1284
14291	14864
15011	15532
8280	10839
8167	12747
28203	26255
15864	15544
9540	13845
13245	8863
10309	6438
36333	36974
27618	32386
1344	4091
40342	43550
16443	18445
24365	29043
41962	46529
13825	11230
30939	29038
13125	16399
48127	45109
26492	25118
29375	28368
-686	3824
36228	37383
108	1261
19297	16148
41920	38075
33549	30853
40096	42446
4619	9258
29095	32507
25553	24158
51046	49933
51772	49343
31155	27585
31711	33501
-1407	124
4036	7652
44599	43010
11090	13574
8520	12985
11419	7050
1630	5917
46678	42248
33962	35657
104	5009
50810	46134
34922	32367
10816	8486
44402	39937
38437	42451
3333	945
21166	25108
2833	1344
28117	24385
11467	14052
3745	2579
45584	46984
39385	36321
34533	32126
1393	2687
6038	6097
7728	7539
40295	44872
12306	16887
32768	27807
38633	43036
4228	6200
33438	28998
16342	17523
13442	8813
11997	10738
36240	36029
23155	18507
21219	20242
39145	40026
25085	21271
36520	39941
4628	4844
31361	30512
24657	20559
42873	45580
19015	18187
28229	28418
19614	21901
25160	23672
48815	46530
8869	5443
13496	12582
20591	22321
31712	27392
45846	43097
30594	33297
6848	8183
25037	26128
47403	47236
21281	20728
2834	1696
2921	7323
38055	42686
48392	45084
5114	5478
16893	19420
39494	38631
24024	24622
31263	36104
24946	27343
29974	25530
1834	1195
8131	10664
48977	49449
4714	766
47533	45919
18700	14593
9062	9324
41155	40487
19738	24212
26852	26079
35372	35524
5789	4996
40286	43342
26233	28088
17468	12860
4995	8939
12139	7363
21707	21261
45919	46137
1703	5170
25542	23757
4710	8525
47749	48919
34982	37972
