200	2326543
15485	15485
37607	37607
14177	14177
1588	1588
26349	26349
13540	13540
8562	8562
22388	22388
8718	8718
5789	5789
7917	7917
42069	42069
35956	35956
31972	31972
2798	2798
19895	19895
879	879
248	248
8252	8252
5974	5974
17578	17578
3472	3472
23178	23178
2197	2197
17090	17090
37401	37401
2709	2709
38956	38956
41731	41731
32886	32886
3298	3298
24809	24809
47120	47120
10091	10091
4128	4128
32114	32114
36500	36500
7295	7295
24136	24136
28806	28806
11599	11599
31209	31209
13749	13749
18758	18758
23273	23273
28525	28525
44827	44827
18559	18559
13694	13694
14544	14544
11821	11821
24793	24793
38957	38957
37343	37343
41708	41708
41263	41263
25859	25859
49531	49531
14085	14085
23712	23712
3031	3031
14201	14201
8048	8048
27489	27489
1273	1273
45688	45688
3379	3379
44413	44413
8053	8053
22146	22146
23183	23183
40594	40594
47370	47370
21427	21427
37096	37096
42955	42955
13689	13689
4992	4992
49758	49758
8378	8378
49084	49084
4335	4335
37717	37717
21078	21078
39887	39887
16807	16807
13566	13566
7296	7296
40457	40457
43680	43680
20710	20710
19020	19020
21050	21050
36560	36560
40465	40465
42532	42532
21034	21034
38963	38963
38896	38896
28426	28426
28499	28499
41629	41629
7087	7087
16872	16872
40025	40025
28701	28701
34921	34921
32655	32655
27327	27327
10987	10987
6811	6811
3203	3203
10558	10558
49850	49850
10788	10788
48447	48447
3314	3314
18620	18620
11384	11384
25854	25854
25103	25103
5184	5184
45795	45795
20518	20518
7198	7198
22691	22691
25475	25475
21377	21377
20082	20082
34773	34773
5031	5031
579	579
20182	20182
43666	43666
7495	7495
16681	16681
13503	13503
41697	41697
37329	37329
33334	33334
39984	39984
47354	47354
49970	49970
25434	25434
20543	20543
13294	13294
651	651
678	678
39849	39849
32714	32714
429	429
13195	13195
40752	40752
16342	16342
40853	40853
28403	28403
35680	35680
3251	3251
20943	20943
36639	36639
28950	28950
21513	21513
5554	5554
39933	39933
31511	31511
48643	48643
21124	21124
3860	3860
10291	10291
23538	23538
15662	15662
33562	33562
25392	25392
20588	20588
12041	12041
49435	49435
24056	24056
20520	20520
24898	24898
43069	43069
40305	40305
40083	40083
13002	13002
49967	49967
551	551
13295	13295
39222	39222
6782	6782
5214	5214
43501	43501
12506	12506
14849	14849
5921	5921
36723	36723
17610	17610
28507	28507
4610	4610
26539	26539
4547	4547
10837	10837
