200	815125
43256	43256
26409	26409
2515	2515
27884	27884
3865	3865
2057	2057
21896	21896
33630	33630
43799	43799
31555	31555
14051	14051
4282	4282
33061	33061
39963	39963
38644	38644
747	747
34725	34725
15129	15129
27061	27061
9974	9974
22974	22974
47657	47657
38388	38388
40702	40702
8116	8116
13894	13894
1689	1689
17505	17505
160	160
20353	20353
44984	44984
45658	45658
12460	12460
7872	7872
27907	27907
2940	2940
11010	11010
14738	14738
16731	16731
45025	45025
15336	15336
36685	36685
27780	27780
35927	35927
34128	34128
36374	36374
48304	48304
31290	31290
43725	43725
49785	49785
44001	44001
11065	11065
30552	30552
42260	42260
1254	1254
32772	32772
24163	24163
41663	41663
25347	25347
47848	47848
11482	11482
42706	42706
45387	45387
47350	47350
49810	49810
33956	33956
24660	24660
16512	16512
23001	23001
37064	37064
31297	31297
39503	39503
14245	14245
27853	27853
38225	38225
11565	11565
6723	6723
25470	25470
2493	2493
30454	30454
40552	40552
39367	39367
25052	25052
37925	37925
6335	6335
48654	48654
46096	46096
38135	38135
2696	2696
21003	21003
5453	5453
7087	7087
9647	9647
7694	7694
6002	6002
30843	30843
7843	7843
36643	36643
18212	18212
16526	16526
20729	20729
28335	28335
3085	3085
21601	21601
15788	15788
3691	3691
44708	44708
34999	34999
34080	34080
1251	1251
14582	14582
14637	14637
26608	26608
23911	23911
24686	24686
13434	13434
11074	11074
33993	33993
29989	29989
15057	15057
41454	41454
22547	22547
39013	39013
3800	3800
4830	4830
7607	7607
43425	43425
38743	38743
21027	21027
308	308
40934	40934
23156	23156
13023	13023
38876	38876
16930	16930
1907	1907
1527	1527
31120	31120
11720	11720
16656	16656
37792	37792
26464	26464
29639	29639
10937	10937
41454	41454
29059	29059
41032	41032
6816	6816
8108	8108
36152	36152
37951	37951
20274	20274
24668	24668
32115	32115
42821	42821
14374	14374
38235	38235
19853	19853
33702	33702
1053	1053
49332	49332
10602	10602
710	710
3176	3176
29693	29693
1916	1916
30140	30140
37383	37383
2287	2287
5509	5509
8874	8874
3891	3891
38629	38629
3147	3147
46690	46690
5013	5013
37798	37798
45172	45172
17221	17221
5713	5713
44228	44228
30731	30731
46474	46474
36037	36037
45729	45729
42835	42835
45118	45118
5572	5572
12482	12482
43884	43884
9619	9619
18698	18698
4028	4028
7629	7629
33807	33807
21073	21073
3795	3795
44962	44962
27852	27852
48917	48917
