200	4085760
4970	4970
15325	15325
27700	27700
48089	48089
2644	2644
12896	12896
25285	25285
4924	4924
38844	38844
48184	48184
3665	3665
41413	41413
46770	46770
13369	13369
33900	33900
40537	40537
23998	23998
49994	49994
2550	2550
35581	35581
26617	26617
39148	39148
5733	5733
34044	34044
26563	26563
24111	24111
10076	10076
16493	16493
17321	17321
35148	35148
44450	44450
8307	8307
44899	44899
24245	24245
35366	35366
27444	27444
38312	38312
26017	26017
20508	20508
49076	49076
4540	4540
28176	28176
7184	7184
25501	25501
11424	11424
25166	25166
10609	10609
2305	2305
17690	17690
8607	8607
29160	29160
26526	26526
4243	4243
28801	28801
26169	26169
1847	1847
3850	3850
35747	35747
49839	49839
33171	33171
34672	34672
28818	28818
21558	21558
43396	43396
2837	2837
7250	7250
22929	22929
14319	14319
15699	15699
15047	15047
47123	47123
1991	1991
8299	8299
38017	38017
46801	46801
10265	10265
15817	15817
26246	26246
28597	28597
31902	31902
43170	43170
13227	13227
16757	16757
40271	40271
9515	9515
19677	19677
42652	42652
42919	42919
21826	21826
49896	49896
41828	41828
22392	22392
39105	39105
6146	6146
9913	9913
43818	43818
12209	12209
15274	15274
45718	45718
22659	22659
46167	46167
13808	13808
4436	4436
27151	27151
10045	10045
37767	37767
45032	45032
34968	34968
3434	3434
37097	37097
14529	14529
44387	44387
42186	42186
35726	35726
4166	4166
4964	4964
40371	40371
49733	49733
44170	44170
12370	12370
32435	32435
30787	30787
29595	29595
21033	21033
11590	11590
18042	18042
40031	40031
17130	17130
13058	13058
899	899
49194	49194
46764	46764
29438	29438
34646	34646
39947	39947
4566	4566
34710	34710
44969	44969
48351	48351
26358	26358
10610	10610
19293	19293
27358	27358
21968	21968
15323	15323
45848	45848
29884	29884
13558	13558
23396	23396
11833	11833
25668	25668
22225	22225
27346	27346
39175	39175
27877	27877
15222	15222
18732	18732
8847	8847
1030	1030
44095	44095
19590	19590
37076	37076
8861	8861
24119	24119
34091	34091
35266	35266
18503	18503
5153	5153
6587	6587
45098	45098
736	736
4572	4572
47213	47213
25452	25452
8940	8940
7851	7851
41803	41803
9646	9646
6784	6784
12930	12930
37837	37837
15994	15994
12547	12547
43265	43265
35767	35767
11026	11026
27357	27357
28880	28880
20271	20271
16719	16719
41182	41182
14476	14476
6058	6058
12457	12457
28833	28833
23624	23624
7758	7758
31984	31984
23334	23334
12308	12308
