200	4070556
8334	8334
45129	45129
3560	3560
6612	6612
2967	2967
2919	2919
24839	24839
46096	46096
33356	33356
8568	8568
27578	27578
27893	27893
26910	26910
30871	30871
18658	18658
37966	37966
34332	34332
8394	8394
14590	14590
5506	5506
3526	3526
15301	15301
40950	40950
43670	43670
28722	28722
45111	45111
22642	22642
20417	20417
49959	49959
14380	14380
8903	8903
31917	31917
8	8
46601	46601
21439	21439
18737	18737
9929	9929
14562	14562
31342	31342
39519	39519
22112	22112
42509	42509
41191	41191
29614	29614
32192	32192
18002	18002
8423	8423
21704	21704
2953	2953
29899	29899
8841	8841
24797	24797
30153	30153
346	346
48647	48647
6516	6516
27438	27438
3123	3123
42029	42029
24868	24868
3572	3572
42982	42982
27932	27932
35718	35718
37357	37357
47346	47346
45384	45384
29876	29876
19511	19511
48565	48565
28605	28605
18256	18256
2338	2338
38598	38598
13056	13056
2131	2131
7605	7605
16635	16635
9191	9191
38669	38669
29520	29520
30404	30404
40017	40017
8079	8079
48984	48984
45694	45694
2982	2982
23092	23092
12757	12757
10962	10962
33589	33589
18315	18315
17800	17800
20037	20037
1200	1200
25883	25883
405	405
25297	25297
15069	15069
49107	49107
21041	21041
4402	4402
5222	5222
16651	16651
18732	18732
21971	21971
33491	33491
16196	16196
19431	19431
31923	31923
22044	22044
28491	28491
20940	20940
6178	6178
15385	15385
33329	33329
25865	25865
12519	12519
29537	29537
36220	36220
44711	44711
43494	43494
9858	9858
31270	31270
12606	12606
20486	20486
37610	37610
5906	5906
42253	42253
10222	10222
24528	24528
12625	12625
17487	17487
42666	42666
47329	47329
36630	36630
35260	35260
9719	9719
30628	30628
10282	10282
3041	3041
563	563
10658	10658
33415	33415
48694	48694
13228	13228
19542	19542
31930	31930
24219	24219
36618	36618
43653	43653
47346	47346
41667	41667
44713	44713
30903	30903
32372	32372
12022	12022
24568	24568
30006	30006
45271	45271
41775	41775
43126	43126
27394	27394
24639	24639
20512	20512
23639	23639
41007	41007
31137	31137
12451	12451
20629	20629
30223	30223
44484	44484
41338	41338
5499	5499
14484	14484
15265	15265
16895	16895
24903	24903
18363	18363
23571	23571
43773	43773
32254	32254
15668	15668
35576	35576
23051	23051
4605	4605
43951	43951
14917	14917
7192	7192
38834	38834
10674	10674
27855	27855
16523	16523
33059	33059
23704	23704
35150	35150
18747	18747
25374	25374
19362	19362
12908	12908
