200	829674
41082	41082
19956	19956
42346	42346
1819	1819
6427	6427
29677	29677
14491	14491
40423	40423
36979	36979
32175	32175
3988	3988
24672	24672
31616	31616
1896	1896
27593	27593
28515	28515
14800	14800
15797	15797
24327	24327
17084	17084
15372	15372
24931	24931
49675	49675
22152	22152
26006	26006
25327	25327
13661	13661
4243	4243
31174	31174
27287	27287
15818	15818
38912	38912
2336	2336
29523	29523
25265	25265
22824	22824
24330	24330
4118	4118
44823	44823
7773	7773
15205	15205
6966	6966
5155	5155
23806	23806
38616	38616
32308	32308
16589	16589
22358	22358
9047	9047
30900	30900
42180	42180
27424	27424
12167	12167
48774	48774
45626	45626
31643	31643
6053	6053
25437	25437
7367	7367
11966	11966
34945	34945
13255	13255
29138	29138
23113	23113
44920	44920
7535	7535
33510	33510
36851	36851
49177	49177
31842	31842
4432	4432
5301	5301
4887	4887
5135	5135
24493	24493
16302	16302
39828	39828
9704	9704
35758	35758
30767	30767
33453	33453
15039	15039
45839	45839
7349	7349
4365	4365
12234	12234
43133	43133
34673	34673
1023	1023
44894	44894
22382	22382
21015	21015
33944	33944
27156	27156
41993	41993
37488	37488
9302	9302
44802	44802
24203	24203
33342	33342
7028	7028
24995	24995
37497	37497
44103	44103
16747	16747
27604	27604
21144	21144
14299	14299
19256	19256
34802	34802
48880	48880
28386	28386
20745	20745
43550	43550
17222	17222
37933	37933
42975	42975
26165	26165
10180	10180
45025	45025
45247	45247
38945	38945
5857	5857
21963	21963
26733	26733
2496	2496
6381	6381
18540	18540
30398	30398
24142	24142
39381	39381
49236	49236
42048	42048
45893	45893
35612	35612
6103	6103
21382	21382
21746	21746
862	862
41891	41891
5032	5032
10539	10539
9978	9978
41338	41338
26513	26513
43910	43910
13887	13887
1586	1586
44746	44746
36386	36386
36528	36528
2072	2072
14889	14889
47060	47060
3087	3087
7351	7351
28888	28888
37423	37423
6572	6572
38019	38019
8286	8286
15401	15401
42565	42565
41646	41646
39244	39244
42185	42185
4844	4844
9038	9038
25436	25436
21832	21832
30271	30271
5102	5102
44709	44709
5899	5899
32917	32917
45087	45087
11864	11864
45364	45364
8596	8596
36803	36803
38581	38581
33304	33304
8119	8119
45398	45398
1459	1459
3210	3210
10719	10719
32525	32525
23551	23551
49658	49658
20395	20395
33346	33346
11623	11623
26798	26798
38155	38155
16635	16635
21623	21623
10289	10289
47211	47211
49839	49839
