200	3236938
18626	18626
43169	43169
23005	23005
28501	28501
46910	46910
46722	46722
42979	42979
25854	25854
36069	36069
25228	25228
36659	36659
40333	40333
14130	14130
10101	10101
11017	11017
25950	25950
2804	2804
16554	16554
12321	12321
16863	16863
34685	34685
16425	16425
26315	26315
15797	15797
808	808
34746	34746
31975	31975
29355	29355
13799	13799
31376	31376
43742	43742
46415	46415
28443	28443
36844	36844
8317	8317
25111	25111
22506	22506
6499	6499
16493	16493
49848	49848
1197	1197
9074	9074
26283	26283
46135	46135
1965	1965
37959	37959
49689	49689
26103	26103
35950	35950
40604	40604
38567	38567
5438	5438
33983	33983
5832	5832
9736	9736
27915	27915
29489	29489
7311	7311
29462	29462
22031	22031
40922	40922
6355	6355
418	418
39735	39735
35820	35820
43611	43611
7127	7127
44209	44209
31740	31740
15085	15085
22097	22097
4126	4126
802	802
23326	23326
47286	47286
6357	6357
13984	13984
42857	42857
23312	23312
32438	32438
16608	16608
11051	11051
362	362
21119	21119
7954	7954
7197	7197
6960	6960
12421	12421
19133	19133
27679	27679
27643	27643
47583	47583
4798	4798
24376	24376
42284	42284
24494	24494
682	682
30767	30767
10318	10318
15572	15572
26917	26917
21282	21282
18824	18824
13485	13485
41362	41362
9916	9916
8397	8397
23298	23298
16612	16612
11373	11373
23170	23170
26401	26401
21013	21013
27882	27882
13301	13301
24788	24788
5135	5135
24645	24645
30852	30852
31728	31728
1198	1198
49059	49059
29594	29594
23666	23666
16592	16592
30920	30920
26507	26507
6697	6697
27310	27310
47634	47634
22239	22239
3851	3851
33642	33642
830	830
39710	39710
46578	46578
16422	16422
41615	41615
12399	12399
40123	40123
25138	25138
14281	14281
37691	37691
29629	29629
28	28
20909	20909
25049	25049
21986	21986
21020	21020
37150	37150
39047	39047
22954	22954
28901	28901
45823	45823
42345	42345
36620	36620
43896	43896
34664	34664
45703	45703
29577	29577
3106	3106
20181	20181
30757	30757
21731	21731
25968	25968
40180	40180
10134	10134
20371	20371
34282	34282
5270	5270
36218	36218
5952	5952
30222	30222
24302	24302
7841	7841
47593	47593
31143	31143
47367	47367
48705	48705
16933	16933
12614	12614
28899	28899
31419	31419
14005	14005
27139	27139
15921	15921
11500	11500
27778	27778
22892	22892
17446	17446
8555	8555
25787	25787
29339	29339
2567	2567
41556	41556
40478	40478
3820	3820
23521	23521
24489	24489
29424	29424
