200	1558363
42763	42763
5090	5090
28844	28844
40995	40995
2304	2304
25229	25229
25019	25019
13955	13955
28183	28183
45001	45001
31711	31711
21905	21905
43036	43036
35952	35952
13649	13649
33789	33789
49033	49033
6249	6249
1767	1767
35875	35875
30064	30064
1333	1333
29258	29258
30663	30663
10548	10548
18330	18330
6583	6583
11111	11111
28623	28623
22461	22461
10210	10210
31138	31138
41111	41111
8635	8635
47727	47727
36838	36838
28511	28511
4396	4396
24673	24673
7231	7231
16143	16143
18952	18952
49	49
27546	27546
9102	9102
15404	15404
37276	37276
11724	11724
34551	34551
11902	11902
2746	2746
1427	1427
6917	6917
21597	21597
30025	30025
46174	46174
47531	47531
15176	15176
36677	36677
6011	6011
20571	20571
25782	25782
17730	17730
19831	19831
32283	32283
38663	38663
30896	30896
10952	10952
42524	42524
30112	30112
16880	16880
25493	25493
29216	29216
31856	31856
13205	13205
4917	4917
44158	44158
15920	15920
31706	31706
18632	18632
43260	43260
1203	1203
47704	47704
13953	13953
13801	13801
9944	9944
19605	19605
41805	41805
18374	18374
17137	17137
28145	28145
34452	34452
2313	2313
46435	46435
36874	36874
34585	34585
28607	28607
20788	20788
33643	33643
40858	40858
24129	24129
32580	32580
18924	18924
29781	29781
20985	20985
26851	26851
8068	8068
9888	9888
26716	26716
5444	5444
35304	35304
13248	13248
28167	28167
13635	13635
3803	3803
17097	17097
11313	11313
47187	47187
38410	38410
7801	7801
8070	8070
10463	10463
35263	35263
17971	17971
9380	9380
48968	48968
9971	9971
35590	35590
35636	35636
7317	7317
7632	7632
32636	32636
42920	42920
21402	21402
41223	41223
30879	30879
14537	14537
22927	22927
27396	27396
15329	15329
1037	1037
45802	45802
4900	4900
27291	27291
39252	39252
733	733
29142	29142
46914	46914
47131	47131
12295	12295
46131	46131
9718	9718
46121	46121
48106	48106
28425	28425
26146	26146
49357	49357
19993	19993
4413	4413
14143	14143
25772	25772
7287	7287
37142	37142
2049	2049
1340	1340
31346	31346
10874	10874
24613	24613
6091	6091
17927	17927
25211	25211
14100	14100
41775	41775
23569	23569
15741	15741
49150	49150
29480	29480
38435	38435
26154	26154
25196	25196
35013	35013
3830	3830
9333	9333
1245	1245
15822	15822
846	846
6414	6414
26078	26078
44415	44415
16203	16203
19291	19291
3837	3837
4293	4293
31837	31837
32900	32900
43427	43427
6879	6879
37242	37242
6474	6474
43033	43033
