200	3229344
39045	39045
47374	47374
18060	18060
9512	9512
10875	10875
42025	42025
49870	49870
41711	41711
32176	32176
17062	17062
21816	21816
2701	2701
1601	1601
16588	16588
30279	30279
4122	4122
35056	35056
36779	36779
19900	19900
21784	21784
5803	5803
29651	29651
36919	36919
38359	38359
16168	16168
14933	14933
21777	21777
1661	1661
22377	22377
17262	17262
29906	29906
16676	16676
11762	11762
40960	40960
41100	41100
13862	13862
48517	48517
42104	42104
33086	33086
37047	37047
25568	25568
16828	16828
2372	2372
21556	21556
30656	30656
12914	12914
18108	18108
17994	17994
41950	41950
47656	47656
44468	44468
8596	8596
24378	24378
2514	2514
13574	13574
639	639
46044	46044
1583	1583
33399	33399
21628	21628
1714	1714
23189	23189
6025	6025
30599	30599
29605	29605
8152	8152
7122	7122
22815	22815
35254	35254
22738	22738
8092	8092
48331	48331
42137	42137
24676	24676
15619	15619
9055	9055
1466	1466
12012	12012
20479	20479
39929	39929
18160	18160
45859	45859
12634	12634
15801	15801
46831	46831
21874	21874
15935	15935
45391	45391
11261	11261
16059	16059
30986	30986
414	414
32535	32535
6552	6552
44244	44244
22691	22691
34409	34409
10266	10266
13802	13802
21720	21720
26008	26008
6908	6908
7838	7838
19178	19178
37882	37882
4222	4222
33247	33247
18582	18582
13237	13237
15942	15942
48815	48815
49094	49094
5237	5237
6573	6573
24674	24674
20105	20105
26118	26118
44802	44802
11321	11321
25116	25116
11595	11595
30648	30648
38968	38968
16695	16695
17389	17389
2000	2000
45362	45362
32330	32330
7176	7176
34697	34697
49238	49238
47067	47067
17551	17551
32000	32000
21762	21762
29213	29213
13247	13247
18326	18326
40064	40064
21475	21475
25337	25337
34914	34914
27850	27850
43185	43185
18584	18584
49718	49718
18137	18137
423	423
31257	31257
11574	11574
11908	11908
11200	11200
49079	49079
2648	2648
2438	2438
36130	36130
42594	42594
19977	19977
43427	43427
24545	24545
45025	45025
23213	23213
34767	34767
36084	36084
2570	2570
14399	14399
20623	20623
44221	44221
19097	19097
24646	24646
4949	4949
27058	27058
40673	40673
10191	10191
46106	46106
3354	3354
23534	23534
3127	3127
36801	36801
25191	25191
43396	43396
25419	25419
36216	36216
33577	33577
2879	2879
48887	48887
39329	39329
34852	34852
32952	32952
47072	47072
20769	20769
9319	9319
17361	17361
1433	1433
28365	28365
5476	5476
26253	26253
37858	37858
46022	46022
17202	17202
