200	1727622
14402	14402
44276	44276
14596	14596
36645	36645
46794	46794
18296	18296
35039	35039
36816	36816
3394	3394
13663	13663
42148	42148
20736	20736
30041	30041
44057	44057
20173	20173
47240	47240
47935	47935
22660	22660
22383	22383
49373	49373
48100	48100
4984	4984
7476	7476
320	320
48525	48525
8603	8603
31043	31043
35061	35061
37299	37299
4116	4116
11528	11528
26643	26643
48814	48814
35928	35928
43800	43800
5772	5772
4692	4692
10997	10997
8579	8579
15941	15941
39384	39384
18528	18528
39655	39655
11399	11399
44893	44893
11260	11260
48240	48240
8449	8449
44471	44471
17324	17324
39958	39958
10429	10429
3485	3485
49360	49360
48418	48418
28226	28226
17422	17422
16391	16391
41728	41728
117	117
25439	25439
45390	45390
4891	4891
49206	49206
8596	8596
41575	41575
32981	32981
38980	38980
28307	28307
23878	23878
13002	13002
2807	2807
37700	37700
48036	48036
11701	11701
3222	3222
49699	49699
49763	49763
41026	41026
15656	15656
18728	18728
38858	38858
19205	19205
46749	46749
19124	19124
20175	20175
30514	30514
38211	38211
2000	2000
9157	9157
31113	31113
1663	1663
46728	46728
25008	25008
33988	33988
42650	42650
8538	8538
27207	27207
37742	37742
22219	22219
26859	26859
9819	9819
19855	19855
45205	45205
44353	44353
29273	29273
34445	34445
46981	46981
8636	8636
162	162
19402	19402
14171	14171
21444	21444
32124	32124
22593	22593
7577	7577
13314	13314
7304	7304
39213	39213
23998	23998
18938	18938
41790	41790
26660	26660
26400	26400
37709	37709
45562	45562
47689	47689
22171	22171
2277	2277
48752	48752
12947	12947
44657	44657
20734	20734
12955	12955
24789	24789
37898	37898
12427	12427
25084	25084
16818	16818
10800	10800
9082	9082
23953	23953
43091	43091
39644	39644
30210	30210
30732	30732
14869	14869
18003	18003
27529	27529
44543	44543
16705	16705
6665	6665
12350	12350
49076	49076
46996	46996
16180	16180
17963	17963
27066	27066
35858	35858
886	886
36472	36472
5823	5823
20505	20505
34493	34493
8101	8101
11770	11770
33354	33354
23494	23494
30874	30874
643	643
18401	18401
30553	30553
29406	29406
3615	3615
44401	44401
29822	29822
37564	37564
21190	21190
5774	5774
39038	39038
38090	38090
22154	22154
46691	46691
9393	9393
7701	7701
28631	28631
48203	48203
496	496
32410	32410
14519	14519
20895	20895
15788	15788
19997	19997
43515	43515
38128	38128
12015	12015
28609	28609
32846	32846
39063	39063
23788	23788
