200	2438450
19019	19019
32481	32481
3425	3425
31017	31017
33097	33097
26732	26732
11452	11452
14282	14282
13804	13804
16753	16753
8501	8501
17635	17635
27911	27911
17436	17436
40082	40082
41295	41295
36264	36264
6963	6963
5536	5536
37355	37355
20121	20121
46714	46714
11476	11476
9539	9539
9325	9325
29681	29681
30900	30900
24374	24374
13770	13770
18460	18460
9974	9974
13368	13368
26424	26424
5181	5181
32105	32105
31621	31621
6143	6143
40964	40964
25314	25314
31828	31828
36910	36910
13048	13048
428	428
27042	27042
18377	18377
10749	10749
19126	19126
17069	17069
27612	27612
40855	40855
10930	10930
13330	13330
7724	7724
18841	18841
27684	27684
38760	38760
26964	26964
38080	38080
7870	7870
29850	29850
21256	21256
14590	14590
19655	19655
10603	10603
27027	27027
29935	29935
16758	16758
8109	8109
20737	20737
36615	36615
21222	21222
28552	28552
6420	6420
42584	42584
22375	22375
7135	7135
20420	20420
18164	18164
45726	45726
46487	46487
45319	45319
44406	44406
44122	44122
24497	24497
44064	44064
39067	39067
37188	37188
9612	9612
48097	48097
26546	26546
27974	27974
1324	1324
18151	18151
34597	34597
35009	35009
34439	34439
43754	43754
3462	3462
12273	12273
20797	20797
36327	36327
25155	25155
21762	21762
30727	30727
12598	12598
952	952
28090	28090
31333	31333
4298	4298
16228	16228
16044	16044
48925	48925
41793	41793
38191	38191
46587	46587
12272	12272
13966	13966
39523	39523
29313	29313
7060	7060
18709	18709
14723	14723
18683	18683
32468	32468
33510	33510
31513	31513
21416	21416
49040	49040
11488	11488
6060	6060
31083	31083
29059	29059
31799	31799
40695	40695
16813	16813
17394	17394
9559	9559
19084	19084
9389	9389
26686	26686
40159	40159
24127	24127
9641	9641
33424	33424
32116	32116
12593	12593
35658	35658
33144	33144
35498	35498
41813	41813
11412	11412
38840	38840
45392	45392
32022	32022
6512	6512
39874	39874
48336	48336
46763	46763
16592	16592
19346	19346
31583	31583
6846	6846
44096	44096
28842	28842
18364	18364
580	580
11736	11736
30205	30205
21999	21999
5818	5818
44364	44364
21714	21714
1839	1839
30850	30850
8377	8377
9176	9176
31745	31745
37372	37372
46371	46371
36958	36958
10374	10374
35594	35594
19600	19600
44220	44220
4564	4564
34209	34209
23920	23920
9745	9745
40017	40017
26339	26339
38924	38924
17133	17133
7658	7658
16426	16426
20141	20141
28662	28662
18589	18589
44657	44657
8456	8456
16621	16621
