200	2491626
6587	6587
13973	13973
6704	6704
20007	20007
49801	49801
25782	25782
8685	8685
10957	10957
7101	7101
9074	9074
9991	9991
7343	7343
13796	13796
3025	3025
12613	12613
49776	49776
122	122
9711	9711
12536	12536
28099	28099
44510	44510
19987	19987
28406	28406
34434	34434
44815	44815
13919	13919
45870	45870
25108	25108
26112	26112
10924	10924
33013	33013
21601	21601
36932	36932
6884	6884
34261	34261
20151	20151
25774	25774
16632	16632
30201	30201
45913	45913
16747	16747
2647	2647
60	60
43652	43652
37074	37074
43595	43595
47319	47319
29012	29012
20085	20085
9258	9258
24691	24691
35297	35297
49930	49930
680	680
37667	37667
45862	45862
29434	29434
7889	7889
15534	15534
9365	9365
43240	43240
28799	28799
3991	3991
11373	11373
34453	34453
30491	30491
22209	22209
35448	35448
34076	34076
46983	46983
14505	14505
32054	32054
41562	41562
3710	3710
16209	16209
41891	41891
9791	9791
35905	35905
31687	31687
32402	32402
5030	5030
45739	45739
15689	15689
49958	49958
44389	44389
20134	20134
40836	40836
49747	49747
6989	6989
47818	47818
14469	14469
6672	6672
15926	15926
22215	22215
16478	16478
13432	13432
12233	12233
5836	5836
23334	23334
18667	18667
48728	48728
46045	46045
23326	23326
13704	13704
49198	49198
3641	3641
2481	2481
10889	10889
49032	49032
14198	14198
46232	46232
42036	42036
40547	40547
32126	32126
27128	27128
27496	27496
2504	2504
38486	38486
35738	35738
15778	15778
46752	46752
39981	39981
17683	17683
13241	13241
12136	12136
5687	5687
39554	39554
43435	43435
24260	24260
28227	28227
19281	19281
1053	1053
4074	4074
13286	13286
41561	41561
39224	39224
13079	13079
16179	16179
26089	26089
34950	34950
36475	36475
30835	30835
49954	49954
42349	42349
24122	24122
22843	22843
28653	28653
30488	30488
41192	41192
27168	27168
42196	42196
4900	4900
25141	25141
12062	12062
8007	8007
44822	44822
21388	21388
49175	49175
48609	48609
23988	23988
16568	16568
20731	20731
35474	35474
10358	10358
32664	32664
12159	12159
3162	3162
37071	37071
37392	37392
33376	33376
25107	25107
7574	7574
3607	3607
16799	16799
41756	41756
39708	39708
46092	46092
18297	18297
1973	1973
16385	16385
43364	43364
38561	38561
32560	32560
6158	6158
3499	3499
10979	10979
20359	20359
18338	18338
48536	48536
601	601
26633	26633
13008	13008
48196	48196
37906	37906
48258	48258
10383	10383
14397	14397
19389	19389
6972	6972
12192	12192
