200	839063
45069	45069
27343	27343
20378	20378
9433	9433
45199	45199
9860	9860
43103	43103
118	118
19600	19600
24301	24301
47872	47872
34468	34468
31522	31522
39125	39125
7320	7320
17566	17566
2677	2677
36710	36710
47289	47289
4395	4395
4993	4993
8262	8262
20038	20038
40532	40532
37213	37213
41497	41497
43371	43371
14116	14116
13577	13577
261	261
16528	16528
27067	27067
35694	35694
26912	26912
19826	19826
5049	5049
34589	34589
37199	37199
18306	18306
28227	28227
7259	7259
29866	29866
8004	8004
16946	16946
35948	35948
31036	31036
21124	21124
31129	31129
13425	13425
12763	12763
46248	46248
9458	9458
20083	20083
14973	14973
15085	15085
38751	38751
45972	45972
20464	20464
14620	14620
49951	49951
24801	24801
47350	47350
10838	10838
1963	1963
25545	25545
9992	9992
17706	17706
46560	46560
46281	46281
36388	36388
49465	49465
5809	5809
9640	9640
18725	18725
17004	17004
18613	18613
25701	25701
11749	11749
9162	9162
10595	10595
2857	2857
9705	9705
33067	33067
28734	28734
10487	10487
40607	40607
13637	13637
46216	46216
8799	8799
7685	7685
20285	20285
46330	46330
22633	22633
38608	38608
36724	36724
48658	48658
7109	7109
42276	42276
36567	36567
26010	26010
45691	45691
23846	23846
2250	2250
45618	45618
11448	11448
44482	44482
33795	33795
17477	17477
31258	31258
33566	33566
40546	40546
8426	8426
5121	5121
28011	28011
42850	42850
37429	37429
41220	41220
13101	13101
11812	11812
29913	29913
6539	6539
4845	4845
36544	36544
26862	26862
45238	45238
24560	24560
10569	10569
11833	11833
13602	13602
45455	45455
48565	48565
16009	16009
24248	24248
8540	8540
30690	30690
17583	17583
23428	23428
4939	4939
29897	29897
35430	35430
24563	24563
2931	2931
36314	36314
9700	9700
39581	39581
4945	4945
1042	1042
35017	35017
48275	48275
38881	38881
31992	31992
29948	29948
38006	38006
44730	44730
49084	49084
5505	5505
35249	35249
32878	32878
30775	30775
24424	24424
49198	49198
49907	49907
25488	25488
35938	35938
25245	25245
47499	47499
5894	5894
10988	10988
17672	17672
43403	43403
34384	34384
5779	5779
16980	16980
6336	6336
44669	44669
29799	29799
44517	44517
12753	12753
40024	40024
47762	47762
28434	28434
19020	19020
38955	38955
24598	24598
1130	1130
49289	49289
11172	11172
13750	13750
40128	40128
40985	40985
14119	14119
8471	8471
30078	30078
4416	4416
35355	35355
9672	9672
9087	9087
16687	16687
7907	7907
19224	19224
