200	3331894
15641	15641
29476	29476
16858	16858
21017	21017
12898	12898
39297	39297
7339	7339
27605	27605
47173	47173
48563	48563
3165	3165
13145	13145
15127	15127
20760	20760
8619	8619
25062	25062
26982	26982
20673	20673
42456	42456
9542	9542
16450	16450
34688	34688
8045	8045
21983	21983
42934	42934
10263	10263
19239	19239
15472	15472
10908	10908
16287	16287
32374	32374
10814	10814
35613	35613
36198	36198
37783	37783
49540	49540
7254	7254
30071	30071
41109	41109
1250	1250
15732	15732
16033	16033
15294	15294
26871	26871
19143	19143
42841	42841
13131	13131
13551	13551
3828	3828
6161	6161
22679	22679
49430	49430
48326	48326
15926	15926
8379	8379
19671	19671
40142	40142
49972	49972
31882	31882
35786	35786
29573	29573
21160	21160
3940	3940
41710	41710
30867	30867
2046	2046
2475	2475
43361	43361
20186	20186
43608	43608
26222	26222
776	776
36350	36350
40578	40578
10616	10616
11244	11244
22434	22434
36735	36735
35156	35156
44935	44935
37526	37526
34582	34582
24193	24193
38189	38189
49352	49352
36251	36251
38795	38795
20690	20690
29625	29625
38547	38547
10696	10696
224	224
24932	24932
45544	45544
21630	21630
27887	27887
12825	12825
13168	13168
28566	28566
10158	10158
33850	33850
26887	26887
30409	30409
5522	5522
32374	32374
36293	36293
21107	21107
20965	20965
21634	21634
35826	35826
5342	5342
27939	27939
6457	6457
29879	29879
11772	11772
47894	47894
33724	33724
39029	39029
31032	31032
39089	39089
26497	26497
16206	16206
40784	40784
38941	38941
9471	9471
2120	2120
18011	18011
32983	32983
36336	36336
3851	3851
35118	35118
843	843
21692	21692
46833	46833
6019	6019
21974	21974
1448	1448
3959	3959
2125	2125
43988	43988
23716	23716
47895	47895
10127	10127
41597	41597
4329	4329
3178	3178
557	557
34570	34570
1429	1429
26289	26289
40433	40433
47402	47402
35597	35597
37396	37396
28256	28256
18404	18404
15954	15954
26297	26297
4337	4337
39800	39800
31391	31391
35343	35343
17784	17784
9174	9174
9952	9952
41510	41510
35849	35849
30984	30984
37932	37932
22603	22603
24216	24216
14542	14542
44823	44823
44057	44057
42547	42547
39923	39923
17313	17313
31349	31349
45053	45053
6003	6003
39860	39860
39788	39788
24529	24529
11084	11084
40203	40203
542	542
5322	5322
16319	16319
26490	26490
6895	6895
39500	39500
31120	31120
45481	45481
5599	5599
31626	31626
27873	27873
16292	16292
46900	46900
28698	28698
25783	25783
