200	4205454
48256	48256
13275	13275
16576	16576
17115	17115
11604	11604
46847	46847
26815	26815
12692	12692
7025	7025
8145	8145
41114	41114
49670	49670
36054	36054
9260	9260
49740	49740
1912	1912
16251	16251
20735	20735
11949	11949
26808	26808
42017	42017
34868	34868
45264	45264
11929	11929
34467	34467
46712	46712
48920	48920
2189	2189
24272	24272
16697	16697
44132	44132
14744	14744
27620	27620
21859	21859
46292	46292
30392	30392
49313	49313
2125	2125
40600	40600
17652	17652
1429	1429
39503	39503
22755	22755
11696	11696
29397	29397
5043	5043
27024	27024
28836	28836
23827	23827
29731	29731
32462	32462
2849	2849
5313	5313
48976	48976
18613	18613
15981	15981
4493	4493
47842	47842
30846	30846
4809	4809
38534	38534
48880	48880
23827	23827
46865	46865
31640	31640
38497	38497
2324	2324
23998	23998
46782	46782
19454	19454
29552	29552
10231	10231
45167	45167
43521	43521
27118	27118
18434	18434
42711	42711
29152	29152
726	726
34136	34136
46528	46528
30753	30753
46011	46011
20371	20371
5154	5154
35162	35162
22948	22948
29161	29161
9317	9317
14782	14782
8117	8117
23075	23075
29487	29487
35878	35878
5698	5698
36980	36980
48806	48806
36784	36784
32453	32453
46363	46363
5720	5720
14447	14447
34335	34335
3112	3112
7147	7147
11044	11044
7376	7376
3088	3088
14683	14683
17101	17101
32244	32244
11912	11912
42738	42738
22376	22376
30929	30929
9453	9453
31241	31241
2123	2123
40040	40040
23491	23491
24205	24205
37968	37968
45295	45295
1880	1880
47453	47453
29697	29697
25645	25645
44909	44909
15676	15676
21100	21100
25250	25250
39090	39090
44801	44801
20576	20576
15464	15464
34858	34858
16171	16171
4840	4840
30887	30887
6464	6464
12618	12618
33034	33034
19243	19243
6328	6328
2318	2318
16349	16349
34705	34705
22212	22212
21923	21923
10679	10679
38833	38833
14441	14441
41036	41036
25691	25691
27035	27035
15837	15837
11324	11324
36371	36371
19055	19055
13315	13315
28479	28479
24243	24243
17070	17070
11790	11790
39553	39553
24244	24244
15678	15678
48055	48055
37054	37054
30923	30923
46622	46622
29185	29185
23510	23510
18206	18206
21959	21959
45804	45804
27285	27285
16155	16155
27086	27086
27210	27210
9663	9663
35045	35045
5806	5806
27473	27473
11926	11926
34530	34530
666	666
29263	29263
16413	16413
3187	3187
5933	5933
42174	42174
30716	30716
27679	27679
17726	17726
25665	25665
49472	49472
46012	46012
28317	28317
48883	48883
