200	3211090
36689	36689
41583	41583
19296	19296
29836	29836
40612	40612
2614	2614
15897	15897
26422	26422
27477	27477
20589	20589
5368	5368
9860	9860
25185	25185
46055	46055
45751	45751
35128	35128
877	877
47375	47375
21034	21034
25030	25030
2299	2299
19680	19680
37829	37829
12941	12941
22364	22364
100	100
30732	30732
20513	20513
29474	29474
23656	23656
42717	42717
49748	49748
1444	1444
34454	34454
10588	10588
28965	28965
38867	38867
2858	2858
43515	43515
5673	5673
11928	11928
20914	20914
47411	47411
18104	18104
24600	24600
4073	4073
21275	21275
32756	32756
45917	45917
862	862
15094	15094
5002	5002
31742	31742
42311	42311
32248	32248
48113	48113
29194	29194
11030	11030
37099	37099
15600	15600
24647	24647
31468	31468
26543	26543
25898	25898
702	702
30562	30562
37249	37249
22175	22175
3625	3625
44606	44606
8430	8430
1505	1505
29778	29778
37426	37426
38042	38042
19024	19024
3929	3929
3999	3999
25785	25785
27979	27979
39772	39772
18017	18017
17071	17071
27697	27697
32714	32714
41833	41833
27201	27201
34174	34174
32524	32524
36369	36369
16488	16488
16187	16187
5487	5487
25055	25055
1376	1376
15031	15031
29862	29862
17441	17441
2657	2657
40790	40790
34628	34628
18673	18673
9442	9442
26958	26958
40544	40544
40364	40364
8058	8058
24688	24688
38700	38700
22905	22905
47620	47620
10481	10481
30218	30218
12003	12003
15802	15802
10146	10146
7177	7177
11424	11424
38829	38829
7888	7888
1489	1489
30734	30734
650	650
658	658
7608	7608
28678	28678
42285	42285
45573	45573
9448	9448
5906	5906
15109	15109
5881	5881
48523	48523
24464	24464
43727	43727
43859	43859
26471	26471
18707	18707
9994	9994
24063	24063
42023	42023
40236	40236
8842	8842
22618	22618
4815	4815
21944	21944
37289	37289
32301	32301
22125	22125
32638	32638
38727	38727
26497	26497
45297	45297
4388	4388
11143	11143
16699	16699
14926	14926
34488	34488
20634	20634
22201	22201
42393	42393
43640	43640
8610	8610
22542	22542
10422	10422
22655	22655
48496	48496
38275	38275
12452	12452
883	883
27811	27811
2425	2425
29418	29418
4742	4742
4577	4577
18513	18513
37043	37043
29696	29696
13726	13726
35687	35687
42979	42979
28624	28624
44053	44053
5420	5420
37199	37199
2493	2493
44451	44451
28168	28168
14355	14355
27744	27744
25851	25851
9255	9255
38864	38864
6282	6282
47648	47648
27850	27850
38724	38724
29231	29231
28436	28436
47311	47311
