200	867527
5735	5735
49728	49728
13124	13124
26724	26724
27650	27650
31692	31692
46580	46580
44328	44328
11582	11582
12369	12369
7443	7443
47892	47892
42508	42508
45857	45857
16214	16214
13417	13417
1938	1938
7343	7343
7601	7601
39540	39540
174	174
8960	8960
45175	45175
16155	16155
18874	18874
32521	32521
2017	2017
3327	3327
45457	45457
45019	45019
44594	44594
47958	47958
6168	6168
10049	10049
5890	5890
33348	33348
48000	48000
18299	18299
23161	23161
42752	42752
27103	27103
21387	21387
11401	11401
46177	46177
27137	27137
38155	38155
37203	37203
27487	27487
38028	38028
1118	1118
1899	1899
35337	35337
18382	18382
34110	34110
34131	34131
41901	41901
20098	20098
29590	29590
48211	48211
25059	25059
31969	31969
4984	4984
41034	41034
46325	46325
7267	7267
45393	45393
45010	45010
48270	48270
4324	4324
35618	35618
11651	11651
1197	1197
28814	28814
46364	46364
21189	21189
49079	49079
5736	5736
19070	19070
14785	14785
20860	20860
9466	9466
4660	4660
13143	13143
25391	25391
46098	46098
48321	48321
46897	46897
21242	21242
4859	4859
22651	22651
16524	16524
31827	31827
39107	39107
14223	14223
36875	36875
32641	32641
22941	22941
46307	46307
37592	37592
14442	14442
28902	28902
49574	49574
37817	37817
10913	10913
32752	32752
10268	10268
4514	4514
36463	36463
41007	41007
30067	30067
17293	17293
11580	11580
17058	17058
44059	44059
41223	41223
16647	16647
20850	20850
33180	33180
13628	13628
42173	42173
17348	17348
21868	21868
19642	19642
39798	39798
8189	8189
32826	32826
35173	35173
49656	49656
35356	35356
32889	32889
9034	9034
11710	11710
7888	7888
39218	39218
6154	6154
30663	30663
30426	30426
41418	41418
3363	3363
5563	5563
25637	25637
35562	35562
8596	8596
2369	2369
49046	49046
46820	46820
45585	45585
34617	34617
11010	11010
28860	28860
35378	35378
28051	28051
3485	3485
41540	41540
17156	17156
13393	13393
40516	40516
36074	36074
48411	48411
20329	20329
45389	45389
15698	15698
7771	7771
34658	34658
16993	16993
27058	27058
42348	42348
8663	8663
33900	33900
41379	41379
7536	7536
48393	48393
16660	16660
23697	23697
26387	26387
5670	5670
9675	9675
47657	47657
11619	11619
49237	49237
27785	27785
15224	15224
2050	2050
37629	37629
13294	13294
35373	35373
43959	43959
18927	18927
1340	1340
4084	4084
28100	28100
1543	1543
44760	44760
27896	27896
44552	44552
32657	32657
18762	18762
11835	11835
34759	34759
24438	24438
