200	856069
22144	22144
24744	24744
41912	41912
40926	40926
2643	2643
42722	42722
47798	47798
7092	7092
29562	29562
21437	21437
37239	37239
3153	3153
20812	20812
32127	32127
19729	19729
27874	27874
1107	1107
41438	41438
45928	45928
47628	47628
36571	36571
31968	31968
38738	38738
255	255
30637	30637
11201	11201
30601	30601
2512	2512
9076	9076
45552	45552
10184	10184
46268	46268
480	480
35306	35306
35274	35274
23136	23136
15653	15653
13412	13412
41201	41201
19108	19108
13005	13005
7328	7328
37684	37684
24107	24107
17980	17980
46744	46744
9037	9037
42915	42915
48761	48761
40200	40200
35721	35721
29558	29558
37835	37835
6247	6247
35630	35630
42556	42556
46542	46542
11646	11646
19937	19937
4162	4162
42264	42264
9179	9179
6657	6657
37368	37368
40517	40517
34296	34296
14395	14395
30198	30198
24234	24234
34175	34175
47566	47566
45182	45182
25738	25738
2767	2767
11057	11057
48505	48505
23485	23485
41757	41757
11521	11521
11527	11527
42124	42124
36631	36631
13858	13858
7550	7550
8123	8123
36120	36120
6935	6935
41036	41036
47130	47130
39566	39566
4459	4459
12429	12429
35448	35448
8258	8258
11451	11451
23674	23674
26322	26322
48803	48803
48569	48569
40214	40214
49016	49016
47830	47830
31741	31741
21553	21553
925	925
10160	10160
9301	9301
36594	36594
910	910
40282	40282
27111	27111
13044	13044
39640	39640
30999	30999
43508	43508
17960	17960
17028	17028
21420	21420
25995	25995
28613	28613
271	271
43536	43536
42560	42560
4619	4619
48234	48234
24283	24283
33804	33804
34223	34223
9100	9100
10442	10442
29538	29538
38053	38053
13364	13364
32106	32106
17921	17921
47650	47650
44600	44600
49436	49436
8140	8140
45021	45021
24601	24601
19873	19873
24034	24034
8420	8420
5361	5361
23202	23202
13354	13354
350	350
20401	20401
11572	11572
33543	33543
37126	37126
30918	30918
23298	23298
14941	14941
20355	20355
35057	35057
49922	49922
13062	13062
8756	8756
32445	32445
36879	36879
11705	11705
20864	20864
6538	6538
4263	4263
27618	27618
27827	27827
10812	10812
127	127
32833	32833
44842	44842
14988	14988
5113	5113
7881	7881
19069	19069
19600	19600
47367	47367
47735	47735
1137	1137
32242	32242
45822	45822
10883	10883
4530	4530
11452	11452
32936	32936
6743	6743
11479	11479
40926	40926
17972	17972
18321	18321
26953	26953
36081	36081
5730	5730
35068	35068
46250	46250
40144	40144
25833	25833
35805	35805
49093	49093
