200	2369745
16673	16673
18439	18439
29117	29117
49142	49142
25327	25327
3977	3977
29509	29509
37237	37237
5406	5406
44078	44078
8168	8168
11651	11651
43054	43054
41782	41782
47956	47956
43678	43678
9935	9935
10912	10912
25530	25530
10686	10686
41603	41603
8795	8795
13161	13161
19829	19829
31896	31896
8457	8457
3936	3936
25762	25762
19213	19213
31746	31746
16134	16134
33448	33448
27536	27536
35834	35834
19744	19744
43475	43475
8751	8751
28962	28962
23454	23454
29114	29114
38636	38636
22212	22212
34530	34530
7592	7592
16146	16146
15838	15838
22006	22006
29162	29162
26746	26746
38587	38587
10429	10429
13315	13315
5523	5523
28684	28684
321	321
38008	38008
2153	2153
41437	41437
25868	25868
8413	8413
11464	11464
6677	6677
20341	20341
45922	45922
19403	19403
3081	3081
4816	4816
23900	23900
22177	22177
11931	11931
44769	44769
8534	8534
13406	13406
46061	46061
19517	19517
40393	40393
36851	36851
23906	23906
32546	32546
22312	22312
34702	34702
31152	31152
16634	16634
2079	2079
3249	3249
15519	15519
19891	19891
46039	46039
14166	14166
4334	4334
11192	11192
31599	31599
1471	1471
36426	36426
19171	19171
43510	43510
38039	38039
47420	47420
35819	35819
34541	34541
35249	35249
14543	14543
11320	11320
39910	39910
31602	31602
22866	22866
25398	25398
35935	35935
5506	5506
17265	17265
40102	40102
28683	28683
9770	9770
6798	6798
43428	43428
18848	18848
39472	39472
27233	27233
39631	39631
13449	13449
28510	28510
11847	11847
4160	4160
30690	30690
12822	12822
42773	42773
39895	39895
18208	18208
43627	43627
47575	47575
36285	36285
14198	14198
32014	32014
17302	17302
10129	10129
303	303
35316	35316
11317	11317
35470	35470
10242	10242
23957	23957
2080	2080
3305	3305
44893	44893
164	164
821	821
13916	13916
49616	49616
2372	2372
14883	14883
22910	22910
22447	22447
25149	25149
38726	38726
35426	35426
19727	19727
38949	38949
33326	33326
21148	21148
10906	10906
1923	1923
41666	41666
20236	20236
37916	37916
36131	36131
9373	9373
23401	23401
30317	30317
24486	24486
5526	5526
24052	24052
11594	11594
47927	47927
1441	1441
47826	47826
24788	24788
8904	8904
8943	8943
7329	7329
41181	41181
13732	13732
22371	22371
46944	46944
43627	43627
1231	1231
44196	44196
19887	19887
48149	48149
47708	47708
38385	38385
26479	26479
5855	5855
21235	21235
15195	15195
26345	26345
32142	32142
7295	7295
13277	13277
35266	35266
7126	7126
