200	4225767
36080	36080
30889	30889
49453	49453
36894	36894
34515	34515
31251	31251
28362	28362
43347	43347
646	646
12981	12981
32520	32520
171	171
36013	36013
37429	37429
2345	2345
18471	18471
21161	21161
33836	33836
31315	31315
44001	44001
49902	49902
3080	3080
46502	46502
24308	24308
13686	13686
11488	11488
7522	7522
22939	22939
23069	23069
30386	30386
48368	48368
19170	19170
575	575
10119	10119
5184	5184
25896	25896
12087	12087
35561	35561
3111	3111
14125	14125
2127	2127
16296	16296
48177	48177
19538	19538
22160	22160
13354	13354
4604	4604
44051	44051
10569	10569
30734	30734
16814	16814
46010	46010
41088	41088
38332	38332
35327	35327
28881	28881
11695	11695
10316	10316
43667	43667
26648	26648
3974	3974
10856	10856
8887	8887
13092	13092
18352	18352
42722	42722
16968	16968
29035	29035
4617	4617
42332	42332
38910	38910
33616	33616
39197	39197
5365	5365
16723	16723
35684	35684
13880	13880
40814	40814
19996	19996
43065	43065
7700	7700
37101	37101
24001	24001
8706	8706
46048	46048
33906	33906
20087	20087
30328	30328
28010	28010
48812	48812
5031	5031
43163	43163
7304	7304
47727	47727
38694	38694
30139	30139
44868	44868
3041	3041
12575	12575
3475	3475
45893	45893
46717	46717
27235	27235
39520	39520
6209	6209
45681	45681
18344	18344
47825	47825
1450	1450
30204	30204
5700	5700
32760	32760
35256	35256
27591	27591
24335	24335
796	796
8083	8083
34033	34033
26610	26610
4015	4015
13412	13412
34819	34819
31276	31276
3892	3892
44731	44731
42134	42134
16101	16101
32652	32652
29816	29816
30564	30564
34298	34298
20143	20143
2177	2177
4620	4620
39192	39192
49452	49452
25787	25787
9098	9098
36432	36432
38222	38222
36181	36181
45744	45744
14715	14715
47310	47310
33663	33663
43458	43458
23422	23422
14857	14857
21046	21046
9744	9744
4133	4133
17435	17435
4489	4489
30294	30294
32909	32909
49181	49181
36155	36155
14102	14102
33763	33763
16829	16829
16176	16176
9351	9351
44171	44171
6622	6622
16398	16398
44989	44989
26154	26154
12037	12037
6200	6200
23227	23227
1919	1919
14835	14835
17005	17005
23633	23633
32947	32947
2335	2335
48525	48525
38007	38007
34214	34214
9345	9345
12604	12604
27946	27946
20574	20574
46365	46365
36313	36313
49648	49648
28581	28581
30970	30970
36719	36719
23409	23409
25924	25924
19150	19150
49999	49999
8241	8241
33225	33225
37838	37838
7800	7800
41036	41036
41017	41017
11020	11020
