200	1610991
18593	18593
12871	12871
48404	48404
14895	14895
44809	44809
1156	1156
20228	20228
39907	39907
28436	28436
10029	10029
45065	45065
34591	34591
44870	44870
41769	41769
38344	38344
13248	13248
41489	41489
41200	41200
44289	44289
11695	11695
10503	10503
33647	33647
46064	46064
77	77
3699	3699
16833	16833
1195	1195
29273	29273
15792	15792
40560	40560
9533	9533
43822	43822
23318	23318
17509	17509
28670	28670
24201	24201
7641	7641
11387	11387
24372	24372
19972	19972
29835	29835
1014	1014
47309	47309
34158	34158
40933	40933
21289	21289
38746	38746
9383	9383
21427	21427
3460	3460
11310	11310
22524	22524
21851	21851
29618	29618
14791	14791
28128	28128
20953	20953
2394	2394
25221	25221
32595	32595
37489	37489
9625	9625
23033	23033
25718	25718
9243	9243
21534	21534
7928	7928
44053	44053
14215	14215
20667	20667
1053	1053
5953	5953
37968	37968
43029	43029
30370	30370
7770	7770
5784	5784
16089	16089
23076	23076
29978	29978
12120	12120
6879	6879
32806	32806
23142	23142
22709	22709
40109	40109
40457	40457
21637	21637
46872	46872
19801	19801
6284	6284
7836	7836
3781	3781
12428	12428
33818	33818
41004	41004
47606	47606
18377	18377
8349	8349
28429	28429
29247	29247
25797	25797
6202	6202
44846	44846
8627	8627
31115	31115
11258	11258
38321	38321
39704	39704
32295	32295
24847	24847
1070	1070
790	790
9745	9745
27897	27897
5270	5270
25408	25408
14441	14441
29651	29651
3519	3519
23015	23015
47612	47612
4378	4378
9058	9058
12305	12305
23804	23804
19350	19350
24672	24672
9343	9343
33871	33871
46108	46108
47995	47995
8220	8220
19288	19288
45983	45983
7546	7546
38920	38920
1864	1864
45291	45291
10909	10909
28969	28969
15620	15620
39683	39683
32054	32054
13812	13812
24791	24791
36761	36761
49982	49982
17372	17372
10503	10503
23896	23896
16060	16060
23310	23310
45784	45784
33885	33885
30312	30312
21071	21071
16614	16614
45607	45607
16031	16031
7891	7891
14967	14967
23486	23486
16616	16616
27007	27007
22153	22153
39982	39982
40197	40197
29059	29059
47752	47752
14288	14288
6414	6414
19809	19809
46386	46386
46196	46196
30472	30472
29518	29518
21576	21576
41432	41432
1867	1867
35654	35654
24512	24512
19121	19121
27575	27575
23323	23323
24194	24194
42462	42462
56	56
4223	4223
38973	38973
13991	13991
37162	37162
33623	33623
30666	30666
34455	34455
1350	1350
35216	35216
8632	8632
47748	47748
41358	41358
