200	1549921
35193	35193
591	591
23009	23009
13707	13707
12713	12713
30902	30902
34177	34177
5287	5287
30610	30610
38287	38287
11875	11875
14329	14329
35918	35918
4846	4846
18000	18000
23704	23704
3131	3131
15285	15285
24507	24507
11777	11777
3692	3692
30995	30995
7670	7670
39017	39017
35401	35401
36705	36705
48429	48429
7733	7733
8337	8337
42777	42777
25961	25961
34682	34682
30029	30029
28871	28871
3090	3090
15125	15125
19091	19091
44813	44813
28121	28121
26395	26395
46933	46933
49340	49340
19674	19674
27778	27778
18034	18034
28129	28129
45313	45313
5464	5464
16956	16956
3911	3911
24769	24769
34777	34777
12845	12845
29554	29554
11166	11166
21687	21687
49765	49765
44813	44813
29531	29531
38209	38209
41727	41727
48586	48586
14324	14324
24178	24178
18170	18170
15790	15790
44057	44057
44845	44845
26827	26827
42413	42413
10187	10187
5307	5307
3761	3761
4001	4001
35604	35604
4162	4162
1669	1669
42057	42057
10635	10635
45862	45862
10923	10923
7932	7932
42527	42527
34003	34003
34716	34716
6795	6795
43303	43303
38124	38124
24936	24936
22647	22647
31713	31713
21434	21434
33578	33578
25257	25257
19103	19103
9852	9852
9473	9473
983	983
43286	43286
22107	22107
11860	11860
16974	16974
1880	1880
9913	9913
3610	3610
42529	42529
29135	29135
8642	8642
26456	26456
15451	15451
13678	13678
43789	43789
49555	49555
16059	16059
46529	46529
10305	10305
11801	11801
14973	14973
952	952
18489	18489
23271	23271
14112	14112
32965	32965
24319	24319
8713	8713
19621	19621
27196	27196
3237	3237
8693	8693
41366	41366
46975	46975
2078	2078
18061	18061
9888	9888
43947	43947
7747	7747
20972	20972
40206	40206
19370	19370
32644	32644
6423	6423
36859	36859
39615	39615
1625	1625
27824	27824
2679	2679
20516	20516
15437	15437
46484	46484
18241	18241
35311	35311
14217	14217
18482	18482
1252	1252
46620	46620
29909	29909
39640	39640
48911	48911
45656	45656
21000	21000
42083	42083
32952	32952
30912	30912
43693	43693
2157	2157
20801	20801
337	337
27727	27727
15587	15587
49810	49810
48637	48637
531	531
5283	5283
1500	1500
18322	18322
15778	15778
22208	22208
7900	7900
27769	27769
20605	20605
5604	5604
1442	1442
17005	17005
2760	2760
14358	14358
36109	36109
8962	8962
23445	23445
37492	37492
31683	31683
39233	39233
21496	21496
39054	39054
24171	24171
34037	34037
3092	3092
11633	11633
20821	20821
25542	25542
32286	32286
