200	4485220
21053	21053
19247	19247
29844	29844
16792	16792
21496	21496
33546	33546
47791	47791
22896	22896
29967	29967
1123	1123
41627	41627
24461	24461
8504	8504
35602	35602
11941	11941
16600	16600
8989	8989
21872	21872
47612	47612
24532	24532
26875	26875
32834	32834
9611	9611
47545	47545
16671	16671
32011	32011
17626	17626
21604	21604
35003	35003
42961	42961
32603	32603
3233	3233
10610	10610
25565	25565
35130	35130
6777	6777
1946	1946
47044	47044
22130	22130
43520	43520
27135	27135
15353	15353
48658	48658
14516	14516
22380	22380
26064	26064
17931	17931
24169	24169
31440	31440
8901	8901
45900	45900
17688	17688
1400	1400
8498	8498
1138	1138
49328	49328
33015	33015
36299	36299
8778	8778
48077	48077
6926	6926
46291	46291
43285	43285
32886	32886
46319	46319
30665	30665
28439	28439
44800	44800
2799	2799
16033	16033
48059	48059
26252	26252
37802	37802
23002	23002
16123	16123
34961	34961
45745	45745
5470	5470
42742	42742
21456	21456
36003	36003
7159	7159
8517	8517
29634	29634
9845	9845
9832	9832
19590	19590
43905	43905
22097	22097
23762	23762
47732	47732
15796	15796
2200	2200
7813	7813
4941	4941
6518	6518
46202	46202
35136	35136
48428	48428
41641	41641
5122	5122
23470	23470
31305	31305
28365	28365
12575	12575
31145	31145
17570	17570
12367	12367
18048	18048
1262	1262
37590	37590
35888	35888
35121	35121
9505	9505
10288	10288
3828	3828
21831	21831
23788	23788
34555	34555
30498	30498
31383	31383
18693	18693
22358	22358
28693	28693
36936	36936
44148	44148
28322	28322
29381	29381
36299	36299
47788	47788
35984	35984
11994	11994
47767	47767
5807	5807
26117	26117
28913	28913
18073	18073
43772	43772
14209	14209
22653	22653
15717	15717
23850	23850
46192	46192
14559	14559
37548	37548
47599	47599
40892	40892
39675	39675
17041	17041
7135	7135
19188	19188
28882	28882
34247	34247
29902	29902
31786	31786
13016	13016
49832	49832
19902	19902
36062	36062
37472	37472
5835	5835
29929	29929
34117	34117
37825	37825
43863	43863
41396	41396
47976	47976
16579	16579
13365	13365
46531	46531
17542	17542
44208	44208
46883	46883
26869	26869
39391	39391
48745	48745
31315	31315
38884	38884
39240	39240
15792	15792
10655	10655
8601	8601
42051	42051
15140	15140
40329	40329
45515	45515
47434	47434
37239	37239
26772	26772
16650	16650
36906	36906
12196	12196
47657	47657
35739	35739
46041	46041
9223	9223
23705	23705
5505	5505
27588	27588
36857	36857
