200	3377374
39346	39346
13591	13591
6904	6904
18015	18015
36493	36493
20679	20679
49938	49938
31633	31633
24206	24206
45993	45993
344	344
10018	10018
2589	2589
20662	20662
38970	38970
29213	29213
11409	11409
37734	37734
21836	21836
6239	6239
19868	19868
15037	15037
10685	10685
40465	40465
25661	25661
10004	10004
8407	8407
18651	18651
9738	9738
6165	6165
42936	42936
24654	24654
17157	17157
29119	29119
36986	36986
37800	37800
40918	40918
10703	10703
18290	18290
47578	47578
27998	27998
26709	26709
12747	12747
44275	44275
2244	2244
19498	19498
26950	26950
5882	5882
45207	45207
43696	43696
21506	21506
44893	44893
48864	48864
46997	46997
15159	15159
30412	30412
48716	48716
35920	35920
13270	13270
2574	2574
31098	31098
12150	12150
25590	25590
4562	4562
9274	9274
26764	26764
40231	40231
35568	35568
15114	15114
44026	44026
46993	46993
28208	28208
41459	41459
48718	48718
23799	23799
45865	45865
38978	38978
37609	37609
6022	6022
29915	29915
4667	4667
10346	10346
10079	10079
16830	16830
2947	2947
2074	2074
13126	13126
22992	22992
44980	44980
28807	28807
25835	25835
29086	29086
42882	42882
8822	8822
23521	23521
13306	13306
4081	4081
47131	47131
32462	32462
9299	9299
28589	28589
35620	35620
13254	13254
35139	35139
25997	25997
13629	13629
28724	28724
21118	21118
43387	43387
31912	31912
44461	44461
19289	19289
6233	6233
45463	45463
41027	41027
24386	24386
41992	41992
1919	1919
12549	12549
24533	24533
31484	31484
48020	48020
26484	26484
29490	29490
18170	18170
7327	7327
36602	36602
45159	45159
11151	11151
25764	25764
29178	29178
22959	22959
20891	20891
43805	43805
42091	42091
324	324
1138	1138
36528	36528
39640	39640
22814	22814
36502	36502
35362	35362
37768	37768
9520	9520
28388	28388
26137	26137
1186	1186
17813	17813
41977	41977
43860	43860
19653	19653
36900	36900
4723	4723
11960	11960
27199	27199
24928	24928
35933	35933
42497	42497
41594	41594
15117	15117
11610	11610
2579	2579
7892	7892
32880	32880
25338	25338
26849	26849
3946	3946
6353	6353
22030	22030
2188	2188
29248	29248
40777	40777
20879	20879
47296	47296
25040	25040
43735	43735
48249	48249
28309	28309
15163	15163
12283	12283
25591	25591
25137	25137
42194	42194
23457	23457
47509	47509
18254	18254
34712	34712
9976	9976
19287	19287
48763	48763
18755	18755
2361	2361
35632	35632
23739	23739
26058	26058
13799	13799
37942	37942
28944	28944
26346	26346
2337	2337
