200	1774591
39051	39051
44355	44355
39446	39446
18933	18933
38729	38729
19853	19853
8317	8317
24889	24889
31109	31109
33369	33369
28520	28520
17987	17987
25286	25286
45870	45870
33694	33694
18087	18087
48189	48189
49134	49134
34729	34729
49176	49176
43666	43666
25955	25955
36600	36600
16503	16503
29481	29481
11538	11538
34664	34664
45837	45837
7092	7092
40513	40513
5875	5875
21498	21498
42980	42980
25089	25089
29715	29715
32234	32234
41389	41389
42194	42194
5384	5384
24679	24679
48436	48436
35113	35113
29246	29246
32738	32738
23764	23764
34814	34814
35950	35950
30288	30288
30595	30595
5502	5502
23751	23751
2820	2820
17702	17702
35793	35793
43741	43741
42539	42539
10143	10143
5586	5586
7222	7222
3301	3301
41485	41485
16021	16021
37608	37608
34993	34993
10243	10243
7817	7817
3892	3892
21106	21106
39490	39490
29438	29438
17745	17745
24334	24334
9068	9068
25426	25426
4800	4800
37039	37039
23747	23747
3140	3140
46675	46675
5233	5233
3493	3493
27566	27566
37361	37361
13844	13844
44969	44969
29318	29318
40166	40166
22211	22211
4814	4814
28381	28381
12677	12677
45212	45212
12205	12205
17602	17602
17781	17781
33811	33811
10011	10011
35985	35985
5981	5981
41027	41027
39654	39654
43654	43654
33061	33061
28550	28550
19964	19964
1460	1460
13104	13104
45944	45944
4428	4428
15169	15169
13815	13815
24269	24269
29061	29061
23177	23177
28847	28847
26290	26290
40340	40340
1524	1524
5451	5451
38243	38243
41622	41622
11692	11692
41010	41010
787	787
25910	25910
11470	11470
11867	11867
32445	32445
48790	48790
40444	40444
45610	45610
46002	46002
24275	24275
38018	38018
11910	11910
46269	46269
33301	33301
24272	24272
3689	3689
42789	42789
49295	49295
32839	32839
45827	45827
4035	4035
31413	31413
32518	32518
48887	48887
122	122
13135	13135
30523	30523
27151	27151
38009	38009
46189	46189
47118	47118
43187	43187
5103	5103
797	797
14204	14204
29773	29773
33510	33510
13732	13732
30421	30421
3017	3017
27895	27895
13916	13916
29189	29189
45240	45240
26884	26884
48671	48671
10489	10489
26508	26508
18416	18416
17155	17155
11410	11410
1573	1573
45111	45111
42121	42121
23030	23030
33641	33641
46170	46170
33548	33548
7033	7033
21690	21690
48000	48000
39159	39159
34999	34999
3216	3216
31134	31134
37880	37880
41325	41325
3571	3571
30880	30880
34338	34338
48900	48900
35795	35795
16538	16538
9250	9250
3544	3544
37790	37790
24414	24414
