200	2585318
36679	36679
42801	42801
33326	33326
45295	45295
211	211
16987	16987
39934	39934
8388	8388
23263	23263
31382	31382
13460	13460
16653	16653
22319	22319
18283	18283
31134	31134
16321	16321
24786	24786
35002	35002
10377	10377
5709	5709
27068	27068
17708	17708
41116	41116
31147	31147
36074	36074
49738	49738
38056	38056
41964	41964
42939	42939
45325	45325
28937	28937
22767	22767
48663	48663
1959	1959
35267	35267
33930	33930
42968	42968
22899	22899
11641	11641
18660	18660
7274	7274
22960	22960
20598	20598
16430	16430
43755	43755
5960	5960
45802	45802
24809	24809
21344	21344
19297	19297
49193	49193
26492	26492
6272	6272
32189	32189
41568	41568
28407	28407
4583	4583
6809	6809
45617	45617
14243	14243
1256	1256
31057	31057
28010	28010
4621	4621
24948	24948
14990	14990
28439	28439
49841	49841
13759	13759
30755	30755
49863	49863
45616	45616
45976	45976
6791	6791
15179	15179
18024	18024
1209	1209
17920	17920
33184	33184
46199	46199
6342	6342
7094	7094
49784	49784
6704	6704
1716	1716
47724	47724
42636	42636
44040	44040
37340	37340
48421	48421
32863	32863
17975	17975
15436	15436
26680	26680
2956	2956
49674	49674
37740	37740
27280	27280
19892	19892
9413	9413
21878	21878
9995	9995
38330	38330
2279	2279
12972	12972
45810	45810
4278	4278
22216	22216
43376	43376
17602	17602
22000	22000
40441	40441
40213	40213
28282	28282
5346	5346
46953	46953
19168	19168
5258	5258
5219	5219
324	324
37602	37602
41963	41963
7971	7971
40544	40544
19296	19296
12312	12312
7894	7894
20343	20343
8386	8386
38171	38171
35907	35907
22791	22791
46228	46228
41977	41977
39580	39580
46602	46602
2153	2153
18062	18062
43690	43690
27512	27512
33365	33365
27246	27246
32927	32927
35627	35627
46378	46378
27312	27312
39962	39962
30825	30825
40020	40020
14086	14086
7165	7165
28872	28872
9426	9426
16662	16662
24177	24177
49502	49502
14367	14367
21467	21467
43839	43839
32572	32572
19349	19349
9405	9405
7301	7301
26280	26280
49147	49147
15733	15733
1926	1926
24101	24101
18078	18078
22804	22804
49185	49185
37563	37563
20218	20218
13354	13354
19703	19703
1137	1137
18869	18869
42060	42060
36636	36636
16935	16935
39341	39341
7418	7418
17338	17338
17743	17743
6980	6980
23649	23649
47336	47336
28187	28187
16621	16621
45279	45279
33223	33223
47295	47295
28414	28414
21668	21668
43285	43285
12848	12848
35629	35629
39820	39820
5624	5624
2348	2348
