200	2319763
12549	7466
19470	14521
10351	5410
23027	18110
28475	23394
25262	20289
51739	46669
29586	24548
42703	37724
45705	40752
37763	32736
43439	38486
15533	10580
37023	31953
26756	21813
24554	19568
15076	9995
28218	23147
37391	32301
42207	37283
11003	6032
36965	32012
7291	2204
26556	21499
54348	49385
9136	4036
28398	23299
17294	12278
39931	34895
32952	28030
28111	23016
25298	20225
54875	49891
24590	19570
6098	1005
40058	35024
26926	21932
50602	45662
52620	47704
10581	5666
18801	13737
21754	16682
54782	49801
7945	3038
53279	48199
8608	3598
38343	33337
51575	46590
11737	6788
19239	14312
38630	33680
17688	12776
33551	28471
8438	3408
54294	49273
6485	1457
18570	13524
37897	32966
42551	37466
40492	35408
26021	21120
40709	35697
14801	9820
31994	27076
6946	1930
5908	913
6771	1721
5883	879
32512	27465
11347	6435
12781	7797
43105	38067
22614	17530
29274	24262
46287	41386
25371	20287
19758	14828
51766	46688
45438	40468
12137	7174
8597	3634
47745	42844
15913	10912
12103	7175
15772	10834
23477	18391
47853	42857
17684	12680
51745	46712
26209	21220
46758	41706
20515	15488
27447	22439
11548	6565
22302	17210
31292	26372
9387	4463
9620	4678
11700	6777
16602	11652
52420	47507
14798	9798
43042	37998
26991	21970
21379	16422
39236	34142
43368	38460
6696	1760
45201	40293
40993	35967
17395	12320
41698	36663
8306	3211
26054	21006
35860	30795
20859	15839
20029	15051
7553	2571
21112	16196
31036	26046
39750	34787
5905	806
51234	46280
32109	27117
5725	722
45128	40213
31043	26111
42732	37831
14888	9977
48286	43279
16244	11213
12707	7799
49446	44502
26103	21110
10150	5073
13384	8366
36883	31882
39742	34645
46426	41476
22568	17538
52338	47368
53958	48969
53834	48933
14045	9140
11830	6915
36171	31240
39524	34610
43139	38147
35252	30294
34625	29553
11237	6325
38933	33844
16697	11753
29441	24416
37766	32763
10721	5788
5740	726
53506	48583
41171	36200
18878	13858
26462	21398
29972	24952
8968	3912
39349	34410
18011	13019
46927	42014
18866	13788
25125	20052
42200	37129
25353	20346
54953	49909
16807	11848
9996	5063
11136	6201
27780	22741
32203	27270
35561	30661
13503	8429
25846	20755
9483	4411
20142	15069
45493	40440
24395	19329
39365	34305
54729	49767
14876	9875
44212	39277
19644	14606
15555	10556
17620	12557
29141	24168
31304	26227
17939	13008
39490	34519
34308	29269
25567	20541
54183	49092
40624	35553
10665	5577
17484	12544
