200	4133046
12709	7621
6088	1169
31555	26503
40674	35579
35857	30848
23662	18760
14775	9752
11151	6103
34349	29313
27911	22935
5335	343
35630	30540
9902	4969
34057	29043
40123	35172
29914	24966
6021	1067
27320	22304
42747	37651
20347	15300
45898	40905
51487	46578
45010	40028
52126	47049
40259	35320
54668	49742
23624	18573
28571	23510
22171	17166
47097	42112
14814	9791
21861	16855
49484	44426
6714	1710
25610	20708
26845	21822
7988	2963
11783	6755
39429	34478
14552	9515
6234	1320
5040	84
52948	47879
36314	31364
6232	1228
31349	26403
12939	7942
48551	43629
35644	30568
46280	41329
26818	21909
32252	27264
26785	21810
36388	31452
7369	2354
50960	45933
14327	9362
29350	24439
39637	34565
10829	5747
29019	24044
34809	29728
27949	22943
47891	42991
46007	40943
26167	21162
26239	21338
11572	6504
34141	29220
25613	20627
33812	28741
8954	3864
9884	4861
13572	8513
27727	22816
40633	35663
42468	37499
28788	23868
49393	44465
15421	10520
25222	20191
53050	48109
30551	25490
53512	48498
53009	48093
37978	33017
17089	12172
8703	3788
50778	45794
31398	26355
33172	28124
53941	49034
49855	44812
41638	36639
6576	1642
10328	5243
7483	2454
38181	33259
15185	10098
31477	26486
33553	28459
48589	43494
22402	17477
40762	35690
34253	29339
19901	14872
27539	22476
27511	22597
14321	9278
46060	41106
20163	15115
27704	22701
41058	36156
6371	1439
33570	28561
47803	42746
31175	26114
53584	48626
53315	48275
23795	18859
31128	26194
16874	11885
32469	27495
39475	34379
39368	34429
19859	14853
21721	16638
8428	3442
36472	31445
26543	21535
7548	2524
42218	37143
43687	38767
12624	7619
52240	47187
32212	27179
48977	44037
48704	43622
49093	44031
29663	24703
16462	11503
44508	39582
26571	21651
12064	7091
40594	35599
10122	5184
52050	47134
47690	42710
25572	20548
11339	6420
42495	37427
52691	47718
36414	31455
27881	22845
19795	14794
40870	35862
17633	12684
22595	17583
8563	3561
54839	49844
9301	4347
13116	8036
52570	47590
5249	260
42942	37861
38728	33739
6539	1467
11342	6400
19378	14297
52821	47734
6418	1421
15414	10490
49782	44866
46135	41090
12924	7872
50056	45136
15421	10361
26921	22014
25146	20144
39347	34428
32966	27888
21064	15983
24500	19559
44428	39517
16925	12012
17375	12332
49546	44632
44744	39706
11965	6905
45036	40093
39737	34705
13203	8147
11723	6727
20061	15105
41140	36053
54804	49809
36014	31085
15192	10174
15253	10279
54547	49577
