200	3433052
20994	16014
7698	2622
5962	1052
18092	13009
45503	40423
6119	1094
44380	39477
26842	21852
19469	14518
48265	43184
50360	45372
42341	37411
41827	36765
24221	19248
30061	25002
17828	12733
40364	35311
20104	15194
43432	38415
33136	28195
8846	3866
44013	38956
32188	27155
47787	42827
44518	39587
21035	16075
11726	6765
24190	19265
35151	30105
22362	17389
40987	35920
9174	4247
47826	42851
20209	15285
9067	4033
44868	39805
40896	35842
21434	16343
54581	49589
50731	45685
7261	2273
53991	48904
26560	21540
6959	1961
43501	38451
47726	42649
14558	9578
51017	46013
16188	11194
38591	33633
7023	2099
16728	11724
9116	4195
49406	44327
33588	28663
12655	7614
10892	5933
40349	35439
14766	9771
38103	33177
46865	41866
48884	43786
52446	47446
33641	28561
43543	38612
29068	24079
20642	15690
35944	30849
38741	33682
40279	35376
53353	48420
30061	24996
29228	24162
49979	45011
15364	10389
52029	47108
15194	10255
16924	11900
32064	27094
37824	32909
43608	38546
19809	14902
24538	19485
34251	29259
34066	28985
33326	28253
14699	9742
51786	46817
18901	13846
47773	42716
31307	26217
52009	47096
30111	25171
52067	47133
13964	9042
24952	19865
16315	11227
47217	42299
23687	18598
31323	26358
44029	39000
15902	10802
48375	43339
20070	14970
13466	8478
54933	49974
22107	17117
36605	31697
25980	21002
23192	18124
47504	42476
50304	45306
33360	28439
39814	34803
5196	164
42354	37454
34138	29193
27678	22720
25613	20528
40342	35442
50752	45760
40447	35433
36797	31799
15516	10601
24929	19906
54842	49934
42372	37455
31438	26398
36650	31695
47286	42336
15605	10660
12598	7675
13012	7968
40818	35838
6549	1459
17031	12126
24925	19842
11490	6575
51806	46820
45232	40235
24485	19390
32206	27119
32951	27944
41231	36142
7696	2631
53596	48554
18439	13522
18650	13706
35627	30556
35482	30574
52573	47548
43412	38446
26493	21513
51745	46652
23736	18821
32637	27551
36816	31873
32055	27143
16335	11280
7816	2818
44720	39710
7806	2796
40652	35615
42325	37420
22694	17746
28269	23357
29482	24527
27327	22270
36486	31526
10995	5948
35320	30255
27382	22344
40502	35595
15228	10215
44985	40010
7634	2573
12334	7258
36878	31878
5752	652
20040	15130
45455	40419
39031	33943
11620	6618
43697	38721
8364	3353
41896	36834
29436	24502
23094	18043
38203	33216
16775	11773
12370	7276
53573	48522
54266	49211
49126	44223
22352	17284
15549	10574
17656	12581
19189	14171
5143	132
45584	40665
