200	851141
6349	1266
28654	23604
53950	48961
47703	42632
51403	46368
20295	15320
28171	23200
51714	46618
19771	14854
37438	32512
30989	26062
12319	7369
23426	18355
43987	38899
35428	30393
12456	7423
22572	17604
8751	3788
54641	49638
40862	35773
38980	33906
44131	39211
50298	45339
20662	15569
46424	41386
28491	23543
41615	36619
25510	20510
30510	25532
18203	13264
21722	16677
7595	2563
25997	21082
34661	29609
12577	7660
51287	46307
17404	12474
41260	36224
53767	48867
46242	41264
48636	43722
49102	44123
40930	35830
36178	31182
46110	41067
43458	38470
43089	38060
49223	44255
10671	5709
15455	10491
26630	21679
5880	933
13166	8125
6583	1598
54484	49412
27537	22513
42028	37082
35881	30943
22644	17716
38228	33270
34566	29513
34026	29097
54358	49389
32896	27824
47646	42733
24430	19380
26975	21890
20477	15422
15771	10854
54792	49770
30048	24982
7196	2141
47986	42887
53551	48592
53957	48870
22849	17837
9418	4450
14085	9040
21369	16281
50875	45876
38719	33739
53101	48118
32019	26954
54569	49642
6162	1188
20794	15859
6851	1863
5504	536
35896	30992
38852	33925
12498	7400
39844	34838
28797	23881
54674	49594
22893	17799
26525	21457
37398	32361
32643	27625
23869	18778
19219	14166
15077	10159
48040	43093
52229	47149
42369	37415
18421	13512
23266	18247
44881	39880
11186	6147
20527	15427
40840	35827
11088	6001
6798	1755
19914	14820
9571	4486
6099	1056
36231	31193
54501	49403
51273	46190
45661	40725
16389	11314
26031	21004
29817	24736
46071	41034
45413	40452
22339	17393
18739	13646
36249	31187
23877	18840
22497	17435
38975	34062
6846	1814
35781	30797
53808	48742
29988	24950
24182	19216
53489	48512
48391	43483
29730	24642
45145	40113
43149	38214
54689	49638
11192	6258
19600	14656
38907	33870
8028	2990
18970	13902
40763	35858
35137	30105
46942	41899
11363	6351
11193	6169
9742	4754
33655	28646
51772	46872
5672	594
10977	5924
47632	42695
10498	5441
42376	37437
52445	47455
38986	34013
13420	8328
12607	7634
13778	8715
40770	35803
40311	35352
4974	56
48848	43857
53368	48294
11094	6136
43602	38574
21321	16310
15014	10096
15625	10698
47583	42565
42605	37692
17221	12185
20999	16009
46585	41544
26396	21371
7422	2422
43241	38197
37278	32186
54518	49419
7971	2885
28377	23298
13345	8306
8475	3452
33021	28038
8382	3442
40694	35633
5234	144
21178	16262
43441	38387
42254	37217
41813	36776
16642	11717
12803	7805
5762	822
52758	47658
