200	1723869
32742	27707
24834	19817
55026	49978
51156	46194
51037	46024
20439	15400
43106	38131
10695	5701
36659	31585
23927	19024
51508	46503
52453	47498
32735	27675
8098	3008
36996	32008
14026	8936
38373	33455
5530	520
31594	26657
12101	7097
48640	43592
31971	26970
50341	45348
14700	9645
28005	23049
37737	32677
51301	46289
19848	14760
32037	27058
17779	12747
53072	48137
6218	1168
44683	39776
33040	27981
47337	42316
18753	13733
6271	1328
41775	36806
53043	48104
17577	12672
11015	5990
25753	20836
30410	25484
47752	42791
54100	49171
35958	31024
32925	27857
23217	18148
50558	45539
25076	20081
53530	48604
48703	43684
6767	1682
24099	19156
11481	6417
41689	36629
31056	26137
16468	11418
48964	44064
25968	20963
8551	3543
28155	23206
13199	8278
52159	47219
35636	30707
42324	37267
10234	5174
34793	29761
37092	32055
40700	35771
33291	28345
21827	16790
8978	3931
25893	20992
28732	23658
25154	20076
32756	27820
48529	43572
44212	39138
26139	21186
9739	4724
48131	43064
15167	10168
42377	37308
39975	34924
12701	7782
23890	18950
6894	1818
40929	35922
5769	682
44605	39595
39831	34753
38232	33157
49832	44749
38973	33905
42120	37025
5951	864
31358	26389
52792	47875
46937	41951
42428	37358
6665	1613
7981	2992
30656	25717
8526	3445
25199	20099
33219	28249
54527	49626
49751	44814
8073	3010
41235	36196
33594	28574
33884	28967
24453	19372
7890	2828
18312	13368
19545	14503
51101	46106
8592	3580
38285	33209
34581	29556
10367	5325
9239	4188
38668	33587
20311	15344
43337	38419
32311	27229
33947	28930
44358	39270
14167	9214
42604	37580
48412	43465
38059	33025
21343	16345
44057	39147
52496	47590
53535	48523
23956	18994
48326	43393
31758	26804
31161	26230
9761	4760
30625	25664
40174	35099
18055	13039
25345	20443
49124	44041
14810	9892
15302	10346
33702	28793
15998	10904
23373	18290
16640	11609
27664	22647
16272	11351
8953	3945
46259	41324
33713	28784
39729	34739
30858	25785
30154	25101
53815	48850
25056	20099
42965	37935
16627	11539
47996	42978
14056	9129
37875	32788
16590	11512
49592	44496
17397	12334
43380	38452
45288	40227
25347	20324
15813	10776
34895	29923
53286	48229
41088	36117
44060	38978
37603	32627
25017	20057
29777	24877
6576	1671
51769	46750
11230	6329
19046	14080
22673	17680
53032	48055
43714	38663
21189	16280
18352	13329
6278	1255
47558	42466
14393	9318
14665	9662
31019	26102
51884	46824
16486	11433
33141	28102
37275	32178
