200	4339134
54462	49415
28712	23700
27401	22306
42033	37133
21981	16923
8362	3461
34729	29666
49249	44231
16565	11506
10088	5182
8069	2973
18893	13852
38942	33898
30822	25858
11027	5954
39583	34647
38260	33225
31120	26081
42007	36928
42454	37469
13248	8229
42302	37363
32897	27868
42787	37737
22325	17340
8125	3054
49819	44801
22523	17532
18360	13453
7044	2052
9757	4741
51210	46116
8809	3823
46839	41892
25971	20991
44026	38955
12061	6986
46544	41629
27806	22884
6081	993
11105	6056
32582	27617
10752	5741
22778	17816
12920	7907
15140	10042
16247	11278
15398	10424
44780	39758
49960	45008
37758	32826
18766	13858
11721	6650
11360	6430
45588	40574
29826	24827
39430	34369
9622	4598
37402	32423
45852	40877
49273	44204
52358	47456
9070	4008
38794	33697
35530	30485
21573	16551
51675	46607
8826	3747
36561	31625
47688	42788
28106	23146
18811	13747
22766	17713
16634	11732
21332	16426
13055	8108
32886	27823
14588	9619
37375	32396
52645	47574
31774	26823
5570	595
43409	38322
52128	47149
41047	36036
31557	26497
20155	15199
11589	6543
12022	7068
34615	29713
22523	17621
12468	7493
7488	2572
36343	31346
53364	48267
54061	49043
37471	32379
35710	30678
8293	3247
38642	33690
12854	7826
13999	9085
36920	31914
24028	19078
18839	13862
39254	34217
44108	39064
31392	26457
20152	15175
22660	17710
53922	48883
21484	16523
12545	7478
17605	12600
29761	24791
34434	29483
32458	27430
12185	7252
49388	44339
41177	36104
48323	43357
34325	29379
21255	16180
52477	47411
40791	35743
24434	19357
16198	11217
29261	24185
38288	33362
29205	24301
51040	46047
6534	1581
43695	38775
40144	35051
8933	3868
26616	21598
45339	40278
54934	49900
35457	30384
49703	44724
42792	37784
46877	41784
17168	12071
45794	40824
43142	38117
45801	40790
35682	30628
52903	47962
39117	34138
47594	42665
17285	12359
54414	49314
15404	10454
25963	20936
29509	24468
13990	9065
29421	24323
12047	6993
51002	45986
13183	8209
41330	36309
54420	49378
34995	29930
43436	38394
46682	41714
22881	17863
25394	20466
49551	44464
21995	16919
15295	10388
51992	47038
39261	34256
44565	39606
50873	45865
33439	28514
22340	17317
9385	4390
34146	29179
27985	22997
54502	49452
52608	47541
42493	37565
9619	4602
48082	43083
53251	48255
26145	21190
53301	48324
20684	15771
30195	25100
12282	7377
5276	283
37453	32385
22003	17082
47814	42720
54211	49266
7483	2460
54062	49107
37509	32573
53711	48654
17758	12686
