200	841977
42731	37694
27960	22938
22257	17237
32605	27650
30664	25697
47139	42118
24656	19618
47789	42752
38034	33069
31560	26564
26612	21573
20488	15533
41362	36323
44409	39367
53728	48661
14491	9415
32064	27076
14136	9159
46210	41154
51290	46243
52141	47087
23311	18390
47463	42514
13570	8549
8037	2979
26372	21392
16612	11689
48256	43216
11278	6295
16306	11240
29885	24821
21750	16834
30472	25394
31703	26759
16079	11179
32086	27092
25718	20696
37400	32369
32425	27361
11622	6688
48635	43536
10180	5113
41089	36083
37677	32686
37971	33040
53623	48565
18270	13247
39286	34323
51311	46225
27002	21906
53505	48585
12422	7421
13660	8681
11369	6380
13381	8336
32531	27561
15497	10398
12595	7649
50130	45033
26661	21591
16887	11913
15573	10507
51192	46115
32444	27402
5091	101
45235	40279
22110	17124
15559	10486
27054	21979
17679	12736
34332	29318
38601	33619
37300	32246
54363	49358
14783	9779
48982	43916
40585	35620
10823	5821
42938	37863
49529	44581
29678	24644
18612	13615
13290	8314
5156	228
38123	33063
25494	20594
29554	24544
51871	46938
46810	41850
28405	23417
15646	10611
17920	12967
22066	17094
35446	30479
50580	45645
19541	14476
50498	45560
42280	37293
39436	34395
18934	14006
16763	11831
5765	801
26399	21424
41651	36667
41429	36500
8359	3325
7257	2254
15956	10983
49797	44892
25858	20919
18879	13912
7254	2296
49103	44057
43526	38588
9840	4933
25087	20004
7949	2906
44843	39871
32040	26971
47486	42464
51385	46466
53551	48618
11724	6822
45032	40099
26786	21858
12357	7421
19732	14726
53490	48538
15510	10468
43662	38686
11054	6132
22033	16994
31074	25980
45256	40278
7896	2987
54479	49406
50514	45486
16007	11012
33986	28996
27678	22710
50145	45165
40902	35964
40058	35113
8713	3687
14527	9616
31980	27002
48008	42986
18882	13874
39796	34763
5710	730
14947	10017
26378	21336
42697	37645
30520	25571
47187	42098
35645	30612
8818	3839
23712	18620
46483	41433
45331	40277
36048	30961
31138	26188
10869	5935
6924	1955
48744	43811
29190	24174
15375	10414
43048	38128
20102	15028
12820	7783
53734	48757
27890	22835
29563	24574
52060	47026
26984	22000
51303	46376
8386	3430
45756	40659
21897	16982
54980	49921
16400	11440
12125	7063
25972	20963
14751	9782
12153	7253
38009	32955
6513	1494
46317	41360
53147	48127
50668	45674
16556	11647
48855	43846
32372	27471
10725	5692
47197	42120
52144	47074
18274	13318
19469	14465
35024	30068
39306	34245
