200	883947
17371	12454
11364	6411
20634	15664
54860	49772
13820	8757
9705	4762
28676	23772
23796	18785
20030	15120
19381	14356
38896	33968
32332	27399
54942	49875
46881	41856
13780	8693
49997	44927
30364	25463
23993	19075
8986	3998
43812	38832
38100	33090
28809	23868
16164	11119
43614	38659
14980	10073
50393	45441
32722	27741
16132	11134
42529	37453
21118	16136
9923	4997
33342	28380
7717	2809
53696	48750
26016	20954
54536	49602
7727	2698
39551	34634
9310	4233
44421	39497
50625	45715
35265	30349
45595	40692
38886	33861
7921	2995
45667	40766
20262	15234
45064	40086
10749	5681
10820	5916
40558	35646
42074	36996
25203	20213
45547	40633
49146	44150
27575	22648
10767	5853
44546	39489
7579	2550
37786	32777
29188	24235
40715	35732
53312	48268
8813	3731
42437	37473
47194	42189
26659	21733
53357	48385
42433	37397
44402	39457
50240	45169
21177	16106
45655	40614
34742	29824
53656	48575
32166	27238
12647	7652
45970	40981
19831	14745
27057	22047
53109	48153
29373	24464
12970	7901
37241	32270
53745	48741
16417	11499
26143	21078
40155	35220
25397	20481
46545	41486
15131	10052
44741	39676
27852	22792
8094	3077
53684	48715
35449	30357
11771	6697
27218	22256
11073	5994
24589	19554
19984	14945
48095	43172
42861	37800
25887	20810
19998	14961
6713	1754
31142	26215
38535	33536
19601	14675
26008	20966
32242	27228
43622	38577
47033	42090
41799	36714
52344	47356
45455	40527
46858	41890
32287	27311
45225	40172
38480	33439
11848	6762
21673	16721
19294	14351
53380	48303
7575	2636
46140	41194
11902	6987
33465	28438
47535	42473
6965	1885
14566	9519
53063	48136
33820	28758
31864	26901
31635	26649
25054	20144
14655	9597
34767	29822
15875	10886
50030	45126
39653	34741
13457	8426
18098	13149
30087	25034
49747	44704
25412	20392
54935	49861
35637	30731
19611	14623
20538	15505
48701	43788
32129	27169
20066	15101
12958	7948
45879	40821
28403	23310
37804	32720
35307	30341
20252	15285
9473	4487
38612	33692
48102	43061
45911	40938
14042	9047
32715	27784
24550	19546
42266	37269
39879	34880
28200	23278
14297	9240
49279	44283
15191	10169
31737	26670
41835	36750
37225	32303
21230	16158
12800	7771
34105	29178
49222	44285
50178	45231
16215	11172
23219	18173
22449	17513
7141	2041
20398	15408
50709	45698
28103	23082
35579	30676
31252	26255
44052	39050
44159	39116
17605	12592
53616	48565
51589	46526
31568	26573
37703	32628
6486	1511
53739	48674
20124	15112
39829	34751
