200	4114595
34481	29563
51673	46712
29279	24230
40061	35122
30162	25241
11377	6307
44430	39525
40451	35447
9575	4576
29102	24132
45382	40419
15313	10412
50956	45927
48695	43702
41330	36370
35753	30790
10062	5065
34773	29839
30049	25066
5264	245
51121	46166
54142	49072
36578	31540
18871	13827
37272	32293
8814	3844
39928	34967
26647	21617
32080	27089
31437	26377
20816	15743
15444	10534
19567	14636
21723	16756
31568	26619
19810	14854
45429	40529
17391	12362
37602	32569
27771	22752
47872	42899
10311	5316
46138	41205
49989	44900
29310	24288
19915	14932
18304	13240
30037	24986
19608	14529
52072	47047
51170	46181
21044	15968
36435	31341
25472	20470
44690	39647
35304	30303
17785	12833
16267	11200
11452	6449
21265	16171
19960	15022
49949	45049
50298	45267
37349	32251
17679	12762
6573	1549
36665	31624
18805	13841
52152	47090
44379	39298
15095	10118
45678	40704
23628	18664
24122	19153
36370	31288
11189	6262
49963	44890
12064	7038
22683	17727
31470	26483
37306	32213
9789	4841
32687	27603
21537	16448
10237	5280
44853	39936
24411	19453
33675	28671
25535	20578
21798	16772
23883	18936
47448	42423
26639	21735
39633	34669
24334	19273
38351	33360
21265	16326
44283	39190
20912	15978
40206	35280
37497	32577
48725	43765
54439	49347
23363	18445
45651	40671
19330	14395
43346	38440
38569	33566
29278	24378
52470	47382
19712	14804
34522	29511
14221	9321
24582	19543
29945	24881
16858	11954
31643	26580
29075	24104
18051	13062
36715	31686
40373	35415
21426	16366
16032	11032
47881	42880
13953	8996
52917	47915
13949	8903
12667	7654
28922	23954
52965	47988
12646	7734
25813	20818
9163	4193
32853	27803
44641	39669
31335	26279
31503	26591
21636	16589
50767	45804
50496	45446
42401	37377
39628	34571
5203	197
10426	5506
15694	10643
6094	1025
6671	1768
28883	23868
7346	2309
49446	44374
27310	22379
22547	17596
44230	39273
8782	3760
34478	29474
7966	2994
11345	6373
36130	31171
28985	24061
37487	32544
53174	48129
10918	5946
47549	42649
39531	34597
25125	20183
39923	34964
18722	13742
30493	25467
21782	16736
48810	43729
19967	15025
28424	23388
7318	2351
31146	26218
29628	24674
31684	26600
42512	37589
53587	48594
25778	20868
18037	13079
25052	19997
38446	33409
29798	24862
31584	26534
10047	4967
45032	40115
48751	43831
24874	19824
31859	26949
9717	4664
45894	40956
18574	13531
46581	41656
19098	14115
30803	25722
40883	35865
20645	15707
5597	612
17770	12672
8552	3508
