200	1696641
6736	1709
51134	46072
13406	8415
29807	24725
6755	1762
18415	13499
32188	27210
15290	10206
50099	45054
48252	43287
54424	49516
38273	33274
43068	38100
26589	21644
49479	44535
36100	31101
24898	19976
53889	48815
50959	45939
18569	13570
10598	5658
50636	45644
7529	2520
5292	307
30371	25277
21984	16912
28726	23701
54746	49678
19491	14559
12323	7384
12994	7949
35701	30695
11621	6532
11518	6457
13734	8653
39148	34121
54333	49275
13288	8236
51507	46607
35861	30859
7083	2094
43670	38668
52297	47223
39343	34309
29428	24480
24045	18975
46780	41698
43014	37926
22537	17461
42980	38055
51721	46735
20400	15347
8190	3141
18145	13235
24442	19481
39037	34057
43291	38317
46245	41270
35450	30452
5159	147
21956	16973
17468	12383
35198	30225
6244	1179
53739	48752
29263	24348
45380	40468
5783	835
48765	43857
48508	43479
20460	15382
42724	37684
7249	2336
15290	10202
53288	48248
33190	28226
52444	47396
17957	12927
46334	41234
16600	11564
44739	39782
53854	48919
17576	12520
23345	18356
30849	25838
13047	7949
20534	15599
20386	15364
32622	27629
54267	49348
21459	16398
8112	3055
46487	41421
15609	10664
19597	14548
10647	5712
40747	35824
16459	11367
26783	21717
20191	15210
34061	28979
25187	20254
54903	49956
15105	10020
54757	49690
40726	35825
7839	2813
51162	46152
9725	4781
19442	14408
11671	6682
50592	45562
38461	33441
12329	7415
51161	46075
47474	42387
41771	36854
31593	26627
27775	22781
48321	43239
30755	25711
7423	2397
35380	30427
33069	27980
48881	43812
29910	24811
26781	21855
47770	42819
26170	21142
22609	17675
43754	38792
27544	22492
53311	48348
48148	43248
20145	15069
31402	26392
37061	32039
15058	10139
12830	7804
13961	9047
47824	42836
25638	20659
37223	32258
43395	38432
31825	26782
41596	36498
10572	5626
29959	24968
22808	17881
26279	21283
42400	37329
47633	42715
12415	7370
39694	34647
46781	41878
29474	24499
22176	17086
20448	15496
45734	40758
8797	3798
37852	32937
36957	32013
8388	3445
22747	17759
16547	11464
39545	34588
32361	27340
48919	43872
8190	3147
42472	37521
18359	13447
46540	41624
38756	33853
15612	10700
54921	49891
36047	31003
33916	28856
46530	41464
40696	35760
18149	13194
17083	12128
19207	14177
53625	48587
49101	44146
28698	23668
23628	18617
16653	11565
19350	14336
10500	5480
37131	32215
44311	39401
52206	47288
15913	10986
5743	733
26731	21661
15101	10040
29424	24334
7998	2966
45892	40850
21674	16708
