200	1605235
48174	43126
42047	37093
25796	20858
18481	13552
9831	4872
11823	6923
21723	16812
17555	12645
36494	31511
13230	8273
6101	1160
42945	37902
26366	21354
50855	45772
34289	29218
37571	32633
9483	4438
7995	3021
52241	47237
34302	29377
13796	8879
40850	35883
9176	4101
7868	2791
5694	597
37808	32787
40714	35733
6059	1150
27817	22750
18293	13195
37355	32338
13295	8251
24839	19916
54851	49836
23227	18173
41621	36710
26469	21534
5877	839
47531	42585
9073	4057
7754	2725
29434	24468
45289	40264
10744	5713
53682	48777
38106	33156
10873	5858
8273	3357
14158	9082
46128	41078
11167	6257
51986	46964
19380	14340
11600	6671
30553	25530
30793	25830
36629	31723
45669	40593
33961	28865
11434	6447
52791	47829
14262	9176
29749	24832
36801	31835
41707	36703
33069	28084
53264	48170
51872	46786
46045	41034
19319	14250
50946	45952
11223	6130
52646	47684
14410	9340
44714	39723
25518	20547
51169	46164
8861	3929
23963	19062
21251	16340
38017	32998
27954	22888
30142	25171
23718	18690
9446	4540
49219	44119
5632	672
52363	47264
19605	14628
38545	33621
33255	28256
53615	48611
45947	40913
25686	20624
48758	43706
21258	16228
26977	21962
11785	6877
54286	49333
47927	42868
6053	1142
51332	46275
6596	1661
44428	39345
32155	27087
37092	32179
12482	7528
42426	37353
41112	36031
31222	26138
38096	33124
32868	27791
9275	4296
40381	35415
25568	20611
41331	36374
14618	9571
34244	29173
8715	3776
15238	10308
45471	40432
10128	5169
44216	39294
5409	310
13651	8715
24377	19434
49971	44954
40995	36086
20478	15541
36103	31146
49363	44357
49719	44658
48898	43962
21035	16040
10776	5855
9779	4696
19654	14633
26755	21730
39900	34840
12707	7704
23899	18937
6943	2022
11430	6497
25077	20042
50598	45631
14122	9059
26658	21561
28449	23458
15882	10789
11389	6461
7751	2813
5647	664
14656	9694
18360	13281
43572	38472
27702	22663
9143	4147
36067	31099
18841	13749
27133	22079
20644	15590
54038	49088
12013	6998
41455	36429
42326	37415
11401	6405
32669	27593
6414	1456
41595	36525
28517	23514
19887	14884
53961	49056
54649	49735
50818	45825
5471	516
49068	44051
37020	32116
40782	35689
53154	48216
15307	10361
27309	22288
30370	25417
47617	42556
54782	49778
36835	31932
31826	26739
52930	47985
15514	10448
34376	29330
30650	25658
9263	4209
22454	17536
29052	24108
40052	35149
26581	21487
19869	14802
42298	37297
41357	36358
36127	31139
12073	7057
