200	841287
37412	32475
26158	21099
6908	1894
50217	45266
22630	17646
26813	21856
11164	6204
18514	13551
19024	14112
47637	42538
41758	36802
32946	27854
28020	22929
5036	74
54886	49983
12218	7214
38932	34018
34086	29080
47198	42278
38645	33622
15293	10240
9946	4990
26971	22020
33256	28300
46541	41539
54942	49881
11133	6223
8987	3959
51743	46729
28074	23061
52031	46947
20317	15301
17613	12686
22726	17633
6749	1774
40537	35452
54631	49638
12771	7771
30659	25568
12935	7845
6021	1070
29927	24990
48373	43364
15599	10583
41836	36803
8863	3909
19243	14275
39486	34509
33903	28966
29182	24262
33814	28888
9829	4846
50651	45597
30362	25361
30851	25911
45318	40281
5943	903
54131	49198
5380	411
26263	21358
53704	48644
8735	3745
9506	4582
28857	23924
9343	4339
41498	36528
54449	49356
49811	44732
28598	23620
52608	47600
41277	36338
35848	30918
37812	32748
30538	25600
17422	12492
49629	44624
33497	28512
22319	17258
19226	14313
49976	44886
30002	25037
44198	39189
35265	30244
52365	47273
13928	8947
31686	26649
39891	34895
39165	34119
53503	48421
50749	45658
28712	23731
44458	39528
42322	37243
8699	3715
8807	3735
10669	5623
23382	18466
27121	22096
21881	16864
28486	23392
8798	3818
37535	32529
7980	2998
45407	40332
19363	14384
38856	33814
23693	18642
25849	20750
29354	24309
28908	23892
35488	30564
48150	43222
10449	5445
35103	30201
14126	9052
45807	40787
13884	8813
52480	47518
47683	42689
31971	26901
21713	16739
44332	39255
11128	6121
18316	13340
25194	20122
5909	812
7653	2650
45170	40165
30656	25752
52329	47361
23314	18385
46022	40975
38192	33119
16003	11006
24064	18985
20996	16013
17562	12503
34389	29303
44411	39486
32297	27393
32407	27399
33954	28971
25450	20458
17765	12805
36056	30959
51980	47017
9212	4264
37685	32754
10632	5655
26517	21436
7453	2549
40034	34999
48707	43694
11339	6400
29077	23981
36408	31470
22096	17178
24304	19260
18506	13506
47131	42228
6201	1294
54256	49225
20783	15822
49597	44630
39783	34806
31482	26471
24489	19563
41039	36034
38497	33500
21682	16757
28774	23788
14254	9290
35252	30338
25746	20774
7779	2684
53555	48558
43971	38877
38475	33478
26701	21776
39349	34284
5411	323
46593	41564
37700	32787
18792	13742
50427	45438
37072	32087
52788	47761
7973	3039
15234	10134
46116	41041
11214	6244
53752	48687
37991	33079
27551	22477
43385	38462
49014	44112
34590	29680
11682	6611
34339	29349
23978	18912
