200	3261802
44464	39373
29912	24981
29899	24839
53032	48096
43473	38460
39510	34435
29865	24854
36275	31192
45894	40941
38928	33899
5117	33
27598	22585
39390	34398
41657	36634
48283	43227
42718	37636
46196	41143
39576	34603
30893	25916
5858	828
34613	29668
11350	6262
34209	29165
37843	32821
35997	30957
13356	8337
15404	10485
47120	42083
48054	43133
53788	48802
16256	11322
42352	37355
23230	18275
22847	17805
44793	39826
6653	1694
39590	34631
20275	15257
31423	26360
24289	19252
26690	21745
49530	44509
17794	12720
27043	21978
49404	44437
28648	23593
32466	27548
15850	10770
10334	5400
23919	19010
48426	43466
7874	2808
11527	6503
47418	42501
40091	35082
5909	832
5707	729
53595	48676
37390	32344
27857	22941
30922	25889
44597	39529
10402	5453
30953	25926
35599	30640
19818	14777
19630	14701
32400	27466
33221	28281
43470	38563
17417	12390
39242	34226
9722	4736
10304	5332
18264	13286
39532	34522
49113	44035
7284	2250
10977	5998
37516	32521
53103	48111
46863	41813
26443	21452
18267	13257
29641	24712
50599	45499
34196	29229
43018	38026
5776	712
47071	42108
34157	29235
19669	14576
15149	10226
26472	21464
6222	1314
51733	46673
28337	23291
30263	25235
23064	18139
33101	28063
38936	33945
41711	36613
7824	2919
10243	5209
12734	7687
47776	42681
31106	26167
36470	31391
14198	9131
5942	947
24576	19508
10558	5493
40315	35305
8992	4087
24805	19816
5494	492
8830	3888
30506	25553
46635	41613
32449	27410
12247	7279
10156	5180
35426	30407
32949	27921
26044	20963
8019	3084
15350	10433
24646	19676
51585	46521
38818	33727
40136	35198
17337	12332
12890	7826
39918	34892
13926	8852
12229	7280
27706	22793
42555	37607
48781	43801
7513	2566
21603	16626
53582	48556
50574	45491
25954	20924
51878	46928
11612	6685
8700	3722
29522	24585
43203	38132
41412	36401
39740	34766
5933	916
44653	39640
40597	35605
52758	47731
26947	22021
27598	22618
39161	34259
42787	37775
5594	558
42906	37908
10935	5894
22245	17162
21957	16892
50134	45168
38683	33680
27012	21963
5223	185
37161	32244
10834	5765
25572	20633
54801	49833
33727	28685
15786	10797
49017	44069
34118	29201
29234	24301
47412	42343
18545	13617
26656	21609
25685	20587
35010	30063
33144	28049
16031	11041
20272	15348
44212	39249
36078	31042
48822	43758
16650	11670
42854	37787
31090	26153
37725	32812
47013	42006
27789	22856
15845	10798
16826	11747
16131	11034
16100	11059
38376	33367
10448	5385
