200	1564683
38239	33193
38699	33738
32516	27518
48200	43214
32066	27065
38930	33905
32015	26939
12681	7706
45009	40045
26486	21546
47301	42263
25245	20167
51782	46711
26348	21340
27674	22749
44142	39134
54328	49392
53919	49011
29005	23905
17227	12129
25903	20960
45482	40546
20573	15641
6993	2057
16204	11286
31560	26488
24286	19285
10015	4977
6414	1419
8605	3624
22609	17590
22151	17244
16213	11243
49484	44409
29747	24702
13857	8857
40050	35050
45932	41016
11135	6201
51069	46123
7497	2450
33272	28219
26636	21692
37928	32958
25115	20134
7108	2015
41369	36271
25056	20039
13726	8675
21890	16933
54252	49171
7221	2187
19271	14270
46119	41182
28172	23214
5801	778
5163	184
30826	25876
25101	20020
7384	2311
37030	31939
20070	15048
37929	32993
14348	9319
54635	49541
16494	11411
25432	20421
53460	48431
41288	36316
5055	143
20085	15041
8849	3762
23172	18272
52724	47709
10903	5969
10312	5318
13920	8916
35676	30672
13698	8757
7183	2222
42192	37261
40999	35937
35113	30175
26555	21495
6340	1349
20627	15581
20577	15604
25717	20658
32024	26949
10000	4966
18084	12991
30656	25721
28107	23028
41856	36769
31159	26110
14333	9257
46094	41089
8699	3638
14832	9794
15182	10254
37979	33028
15774	10821
32882	27894
39142	34193
10264	5243
8598	3563
23256	18207
38755	33776
17192	12283
50846	45784
29701	24702
40522	35437
41055	36097
41427	36363
14286	9212
13451	8503
50134	45046
24365	19293
36762	31712
23794	18864
53710	48635
12539	7483
52625	47709
8146	3113
7225	2317
53151	48185
10525	5614
39585	34508
38619	33669
34657	29594
7307	2290
11783	6796
13823	8853
15353	10425
20619	15598
43977	38919
12685	7636
45320	40275
25911	20836
51793	46872
7217	2146
13333	8326
32265	27231
44068	38991
41664	36664
16465	11383
43354	38262
40425	35419
22685	17690
38123	33218
54815	49851
37120	32180
31423	26354
15128	10126
22304	17371
54404	49486
21949	17023
50925	45995
5136	213
34003	29069
6781	1693
49241	44218
5120	165
29492	24542
16517	11545
30440	25484
35701	30620
47868	42845
32850	27904
8708	3680
7423	2362
52917	47934
54315	49267
23213	18300
25497	20528
35775	30684
47551	42532
17304	12361
39744	34791
29623	24711
6713	1644
34066	29000
44840	39740
47580	42663
23700	18741
29022	24065
32866	27936
35476	30417
15173	10112
52979	48076
15242	10152
24578	19563
16153	11112
49092	44069
25755	20660
41774	36762
51924	46863
9407	4447
54301	49387
11320	6337
