200	2305093
5966	977
41459	36422
21009	16015
21487	16389
7982	3024
20012	15015
46618	41620
23564	18640
23371	18411
26450	21521
38874	33837
13072	7997
17459	12369
19982	15075
31693	26655
50926	45957
8949	4011
34675	29730
8514	3573
51985	47021
53827	48869
19360	14428
14900	9803
51778	46723
37144	32072
38016	33102
11702	6688
38065	33050
43385	38307
40785	35699
10160	5244
12890	7805
14526	9519
53951	48977
35309	30249
19910	14971
6928	1921
50787	45737
54894	49827
14650	9690
5871	959
52554	47529
20048	15141
30074	25010
45970	40946
52226	47187
5845	861
22266	17196
47555	42546
6011	954
27904	22951
38897	33955
51335	46280
29646	24741
50008	44973
41147	36246
52557	47643
35973	30951
13701	8791
19119	14164
27535	22621
48283	43224
8844	3930
15339	10356
27641	22597
37702	32607
35293	30356
8047	3050
29694	24749
14234	9146
20227	15284
42602	37560
26550	21599
46966	42044
51134	46193
53407	48366
47573	42618
31156	26213
36328	31244
10530	5469
27928	22939
23676	18639
24699	19625
40474	35511
32368	27382
24966	19903
41959	37000
35916	30882
39651	34707
42301	37266
45204	40193
30309	25351
21948	17046
20713	15686
26423	21324
5791	710
6664	1576
42303	37303
28264	23319
53516	48549
12168	7189
22649	17646
14432	9448
11914	6922
27874	22840
26031	21106
13298	8370
47337	42369
25038	20096
21771	16767
7170	2236
54749	49781
40232	35297
54353	49331
49192	44129
38345	33354
13976	9018
54741	49818
35521	30440
46639	41709
6028	989
37149	32171
14085	9015
5060	82
21392	16465
49682	44758
34111	29130
45189	40263
6462	1482
9209	4285
20270	15172
20687	15777
13896	8928
46760	41843
27231	22282
35771	30671
18612	13513
6797	1818
18094	13183
34291	29341
28366	23273
16922	11848
33144	28209
32892	27871
33794	28820
31727	26781
35099	30061
40100	35157
43250	38349
17944	12965
29290	24322
24561	19647
7835	2816
7008	1966
38116	33102
8397	3319
41625	36530
37736	32722
21649	16746
21961	16946
35624	30579
38512	33440
12051	7041
50465	45372
33278	28283
13118	8155
8281	3277
36844	31857
11749	6687
33793	28849
9312	4293
30185	25234
52539	47522
8999	4054
22336	17341
19571	14607
26673	21739
16383	11292
7869	2800
29585	24585
16671	11743
46814	41802
11904	6865
8101	3050
14272	9192
25758	20800
5760	770
5798	777
40510	35513
30342	25306
50295	45348
39611	34616
6561	1512
22114	17168
8613	3559
21493	16511
49773	44800
8366	3351
6134	1229
33641	28682
