200	2517444
47649	42691
18128	13033
30739	25763
39814	34831
32265	27186
33827	28814
48116	43101
26647	21740
49966	44980
27370	22320
8586	3680
5962	1041
41003	35972
18611	13705
50643	45610
37751	32829
8381	3442
32360	27416
32469	27547
37437	32459
44300	39306
36594	31675
43629	38529
10690	5671
38887	33823
10390	5318
15464	10365
35437	30417
9088	4021
10077	5011
35985	30957
21472	16418
5783	720
34995	30011
14121	9028
10288	5212
41620	36636
43132	38206
23088	18085
47393	42422
19469	14525
52791	47795
15845	10829
33553	28564
50083	45116
54715	49767
35528	30482
5155	134
10076	5040
21216	16180
35756	30804
54825	49871
28940	23841
10304	5391
45950	40907
32795	27765
38444	33351
34895	29930
47027	42059
34951	29913
43714	38814
27804	22861
49504	44523
49819	44841
33871	28854
52749	47845
18639	13681
29476	24470
28659	23565
44494	39531
35807	30755
38732	33799
37209	32163
52993	47928
10843	5919
34013	28924
31401	26338
53025	48116
20048	15053
17124	12110
46787	41793
34047	29023
27413	22467
23433	18357
12043	6965
26565	21506
45063	39988
54854	49759
23147	18205
24233	19220
45398	40440
7831	2911
31753	26803
27839	22743
26424	21403
26484	21486
17687	12663
52606	47589
43670	38745
27205	22294
26575	21477
38520	33586
9799	4813
35081	30133
33104	28179
35452	30504
48086	43070
5860	954
22000	16983
25945	20865
27704	22673
15428	10362
20076	15073
52742	47662
43213	38224
24982	19904
26655	21576
5107	149
43141	38213
12945	8031
19584	14494
15981	10922
11106	6136
31250	26334
34850	29779
32930	27931
19287	14255
48008	43098
43368	38301
35000	30030
12248	7212
31018	26051
54642	49686
49555	44642
47486	42409
29632	24560
6930	1877
16586	11486
13139	8217
8355	3322
21096	16100
21432	16471
35151	30156
45898	40828
32798	27738
5778	821
43416	38494
30168	25117
33069	28052
11581	6595
16221	11259
28353	23277
20840	15741
17225	12312
36786	31836
8431	3445
44100	39074
36034	31114
35804	30770
13785	8727
14279	9333
23208	18281
19221	14264
19517	14511
21995	17072
41953	36873
27213	22181
43290	38289
34371	29361
30968	26017
14236	9256
22483	17523
41147	36163
17339	12436
49964	44884
28128	23195
29997	24899
25338	20271
49520	44423
47591	42634
33373	28407
23450	18534
33927	28866
16928	11836
46022	40939
37360	32424
32279	27244
31255	26195
47249	42209
40333	35303
5455	545
26620	21719
50987	46078
28025	23078
11815	6870
52810	47733
15481	10451
12313	7263
30909	25979
48565	43545
