200	1666018
39992	35025
19659	14642
20377	15288
7404	2490
17170	12248
9956	5038
18954	13971
16049	11052
40424	35392
22352	17361
39916	34821
11010	5966
54393	49423
28965	23932
29581	24488
5205	208
7276	2180
18942	13990
19192	14210
13320	8240
45293	40254
39265	34172
33641	28664
18968	14006
46757	41815
32238	27217
39901	34943
52730	47711
29225	24306
36311	31311
23027	18059
29288	24309
37906	32920
48150	43201
25405	20472
54306	49347
11642	6650
53031	47963
38766	33864
20400	15464
35425	30522
28239	23240
44409	39428
32568	27522
48708	43686
24816	19772
48874	43939
7132	2045
13564	8520
28599	23623
20835	15748
31385	26383
42629	37612
7710	2794
46649	41572
23829	18870
30287	25371
50316	45272
44851	39924
45185	40204
18609	13597
30771	25805
33699	28748
42525	37447
30914	25836
43984	39065
51031	46109
17600	12621
12924	7870
28951	23863
25602	20565
38562	33534
42545	37615
37404	32336
32942	27926
43821	38811
30774	25861
53681	48661
47309	42251
45337	40289
19399	14367
27094	22125
23291	18372
41601	36694
35313	30384
25041	19982
34288	29188
7260	2341
12980	8018
54841	49892
26011	21086
8762	3782
46020	41118
25068	20077
19543	14482
47351	42305
6203	1228
50546	45514
43707	38800
10258	5264
48503	43444
24498	19484
40606	35656
37808	32899
25456	20512
40486	35455
15719	10649
26590	21655
41547	36515
20902	15825
36651	31655
23228	18203
9680	4725
35403	30384
36954	31998
11016	6080
14649	9733
30360	25460
25268	20298
12812	7829
26437	21406
22011	16938
30263	25164
11478	6390
24784	19799
51272	46320
20212	15198
41202	36139
41746	36722
36079	31147
27728	22804
38341	33351
44095	39083
49874	44887
14686	9668
47737	42664
42216	37264
23930	18865
30606	25675
30972	26059
51120	46071
47493	42478
7978	3038
37726	32721
11946	6856
19020	13938
15438	10377
10886	5836
39968	35038
27633	22704
8886	3979
8348	3382
33059	28093
22882	17947
26664	21721
40234	35279
19418	14369
33252	28269
45586	40639
32243	27203
23243	18317
26391	21381
29091	24172
37320	32351
10440	5375
40774	35812
23619	18622
23811	18756
50591	45492
17893	12920
27189	22165
49287	44189
38446	33509
29084	24028
53930	49005
35361	30410
48174	43128
33514	28428
44170	39150
53747	48703
26331	21379
12757	7801
18482	13431
5985	948
32408	27388
48804	43866
27113	22021
46344	41379
43427	38502
19280	14255
27343	22372
7283	2268
15998	10910
25659	20606
11154	6150
4956	42
23391	18389
11863	6907
33888	28878
19175	14222
