200	2691673
47565	42644
21118	16148
43714	38725
52259	47249
53694	48738
11922	6931
16963	11878
41671	36682
38550	33469
18740	13649
28306	23241
23845	18856
34756	29763
49831	44761
49307	44303
41975	36920
18507	13526
35504	30518
6704	1648
18117	13095
13707	8667
37795	32757
38231	33309
37759	32732
24058	19107
21936	16870
33777	28792
43380	38338
46410	41434
17608	12684
42660	37757
45807	40757
21157	16077
18060	13090
43738	38711
36562	31558
49137	44161
41364	36337
54695	49784
40066	35007
28865	23807
44981	39910
25282	20188
51330	46274
6294	1303
40531	35610
36826	31834
13950	9014
20923	15861
12344	7266
41086	36006
26336	21293
46862	41774
27443	22435
20656	15671
32963	28022
35605	30621
49151	44077
54423	49334
9000	3953
32010	27015
48312	43338
39818	34861
9685	4689
44303	39206
8521	3562
24294	19218
13181	8264
42781	37872
42697	37754
45403	40392
22411	17507
50339	45368
11057	6012
42644	37700
45121	40178
47918	42986
23526	18609
36540	31503
30077	25050
30425	25487
10908	5821
46122	41122
32361	27359
52253	47278
36128	31100
9067	4040
5193	211
49259	44294
46675	41642
19554	14650
28073	23136
41480	36541
11625	6574
36843	31842
23829	18874
40036	35071
40051	35151
5049	114
7196	2110
23866	18921
26015	21080
5896	980
52561	47569
36103	31144
54557	49655
29119	24068
24320	19371
48461	43378
47048	42026
43071	38125
17268	12283
9699	4636
37567	32584
19911	14959
35759	30659
46847	41882
13080	7997
48245	43255
23496	18547
40192	35144
51036	46019
18904	13970
37686	32704
33990	28900
50552	45517
18379	13406
9418	4322
40313	35380
13418	8459
10041	4966
7842	2888
39944	34948
38984	34013
33259	28176
50422	45416
47904	42880
6103	1123
15935	10873
34022	29023
48738	43660
43251	38335
51577	46558
52631	47642
44559	39622
26536	21595
46270	41314
40014	35077
38775	33769
50726	45808
12576	7491
18728	13665
38679	33718
42201	37142
17457	12515
28525	23539
34917	29953
13611	8516
39485	34510
10501	5552
25626	20548
44808	39756
48528	43527
53474	48454
25370	20317
47448	42400
16828	11873
42039	36950
52114	47114
22081	17110
33451	28409
12850	7884
32725	27765
30454	25485
34302	29250
35814	30785
37074	31993
9313	4319
9934	4994
41912	37011
27390	22388
8884	3951
19368	14325
40879	35958
14211	9177
35618	30532
37568	32521
19696	14633
22987	18069
54708	49710
23980	18896
34834	29915
8092	3005
35323	30423
23624	18703
15100	10135
51576	46669
9697	4785
33428	28505
50434	45449
