200	4172790
22741	17763
7225	2263
28898	23804
12755	7753
52489	47504
26793	21756
27537	22482
23456	18404
39589	34634
39121	34163
20193	15118
34465	29513
51131	46096
34235	29166
25490	20558
53882	48954
36097	31054
52046	47035
36422	31500
8438	3510
34913	29955
45545	40609
29708	24702
29165	24263
50870	45816
6453	1542
39987	35079
21891	16854
43662	38743
10283	5382
19145	14169
18091	13056
26207	21145
45270	40269
52702	47707
11069	5976
46425	41359
16734	11707
25456	20357
13026	8005
52780	47745
34547	29577
45693	40677
54087	49128
33208	28285
43984	38886
12558	7568
8593	3533
43715	38691
50860	45815
14077	9000
23636	18548
23923	18959
16217	11129
25375	20322
12195	7236
41273	36317
20142	15104
27027	22001
18546	13560
50019	44988
47138	42063
49433	44439
22408	17428
25582	20613
22073	17015
10012	5110
13960	8872
5471	463
11422	6483
42561	37649
31607	26568
16741	11732
24662	19733
49921	45001
38303	33396
36975	31883
47596	42665
38678	33654
10571	5537
13749	8804
44714	39712
14828	9744
37246	32334
22563	17481
17410	12415
40596	35561
14498	9534
30632	25620
17150	12149
13366	8428
14419	9342
31950	26936
5443	502
48958	43889
34848	29783
37191	32123
43952	39001
40685	35589
6899	1828
26316	21371
26912	21914
46312	41400
30514	25473
7635	2564
8971	4027
35996	31085
42717	37664
42988	37978
42052	37010
46146	41209
33092	28060
43080	38139
38504	33545
31644	26598
40883	35893
40496	35590
42410	37396
30936	25888
52099	47196
38846	33883
18153	13193
24017	19043
30262	25192
27130	22146
8016	3083
10861	5904
41439	36456
51599	46581
27036	22023
12812	7765
36202	31257
47210	42151
42930	37943
23936	18868
30923	25936
48487	43406
28403	23355
10695	5739
30964	26016
28155	23228
53376	48287
9618	4596
9071	3975
37324	32344
44435	39481
39870	34953
51500	46463
39033	34051
53341	48312
39168	34092
28871	23862
18839	13915
43983	38955
32791	27885
44109	39105
25981	21004
9055	4088
5669	622
47554	42602
7682	2696
25510	20435
20171	15075
24357	19452
52459	47501
26692	21665
41212	36173
17512	12512
29509	24447
16924	11885
17647	12651
17193	12146
5817	774
10957	5932
37194	32116
14278	9200
40420	35438
49848	44922
32244	27334
32034	26960
40043	35132
33807	28772
46052	41120
40770	35785
5860	769
23658	18706
51529	46484
44840	39803
54031	48936
15212	10116
11223	6275
25080	20064
18752	13728
20765	15792
21844	16895
34580	29614
8575	3528
38122	33143
23793	18727
20064	15012
