200	3320498
53142	48066
26850	21796
34595	29629
44510	39467
7485	2410
49227	44143
49958	44875
33465	28551
15978	11007
38148	33093
14342	9418
11532	6499
27348	22311
24861	19920
9070	4061
8205	3135
15969	11046
9392	4459
50482	45383
45987	40908
47628	42586
25559	20499
17375	12340
17084	12161
40288	35216
31931	26920
43538	38522
8473	3421
24202	19241
36135	31113
38491	33468
39709	34795
17338	12403
28733	23752
41892	36858
25960	20961
37375	32386
54462	49529
52549	47562
25276	20324
25444	20420
12964	7973
28539	23529
19267	14351
15537	10565
25187	20189
24689	19597
24497	19550
48829	43824
32144	27228
14893	9931
51743	46762
11190	6114
51356	46425
22434	17439
20368	15466
21784	16694
50664	45756
45602	40629
29759	24672
47984	43073
48852	43864
43832	38818
43028	38085
41436	36494
10593	5514
14183	9132
29258	24347
17088	12075
54680	49714
26930	22028
34682	29683
50241	45153
30517	25513
25256	20186
45464	40535
11435	6477
7015	2103
32989	28011
33012	27984
49787	44801
49140	44103
29520	24587
7328	2416
24606	19615
12400	7478
45134	40134
44543	39516
50726	45816
7333	2357
22544	17570
16727	11761
36649	31691
47411	42477
12896	7845
25812	20889
39007	34038
8015	3073
35031	29960
11383	6453
36993	31973
32467	27397
40995	35896
18052	12992
50611	45539
45824	40726
28572	23634
40225	35220
42845	37930
29393	24342
54796	49742
53028	48068
30324	25383
37031	32082
28397	23455
43044	38071
40697	35754
14777	9798
35117	30026
18723	13676
26568	21664
27279	22375
39177	34159
53916	48946
18671	13675
8269	3276
23145	18188
49617	44652
34655	29691
35856	30881
37479	32390
18067	12987
35401	30501
19532	14473
22238	17241
27042	22033
11134	6209
8785	3710
45914	40865
22143	17222
5671	755
18491	13444
20159	15235
25731	20712
31079	26059
17918	12883
28921	23899
34726	29773
20108	15171
45559	40617
49489	44517
11533	6450
32861	27949
11164	6125
36732	31810
12970	7954
49544	44492
46458	41420
15607	10675
14576	9644
36861	31768
7467	2385
29963	24941
44281	39354
48669	43587
25540	20574
22429	17487
30557	25477
33721	28666
15324	10313
32633	27695
32128	27087
35400	30340
43381	38322
17691	12689
36810	31844
5930	957
15493	10420
10231	5289
30968	25999
52740	47809
29504	24593
53895	48823
25940	20935
19812	14771
41546	36559
14840	9883
28717	23753
19965	15020
46522	41531
14588	9602
22609	17622
37441	32406
9379	4439
26323	21309
27027	22032
29724	24730
33596	28504
41486	36569
6552	1521
