200	2475316
30428	25482
41033	36096
21710	16679
8413	3445
47984	42904
6474	1566
31521	26588
33452	28528
38081	33175
24076	19080
36816	31850
38304	33213
24408	19462
20416	15353
52049	47068
21366	16417
8783	3765
48271	43294
34735	29804
8805	3888
25818	20733
52911	47931
7759	2781
9761	4669
51607	46671
53966	48953
49578	44522
11778	6722
9793	4885
41058	36073
39543	34616
6251	1335
41346	36419
5417	395
34109	29093
42064	36975
5544	526
23623	18697
12475	7441
19270	14264
18943	13932
26515	21466
33599	28677
32832	27772
29410	24499
22918	18016
41686	36627
54327	49309
53338	48238
46089	41013
15480	10402
26646	21638
10275	5279
26179	21141
22281	17244
17945	13036
47145	42131
23283	18244
7611	2696
29733	24751
27869	22870
35749	30710
45120	40106
53599	48688
30131	25034
16738	11752
19671	14690
48633	43729
24619	19586
15785	10874
5070	42
23743	18687
8927	3936
53894	48934
27970	22999
35767	30731
51516	46511
16329	11318
28695	23644
33944	28948
54839	49819
28085	23027
19074	14089
6388	1460
12008	7029
49492	44555
38860	33766
34029	29038
43783	38761
49848	44932
5778	706
36321	31262
5676	625
19063	14065
29450	24502
34307	29369
18118	13139
14520	9504
27355	22439
36259	31272
33267	28227
42210	37136
51600	46689
48716	43769
33462	28385
49845	44806
7226	2234
24363	19285
30315	25387
37023	31929
22734	17660
10464	5473
27376	22299
6307	1402
23565	18546
33153	28194
53223	48225
27349	22298
25999	21000
47144	42204
32905	27956
10131	5104
25147	20192
41924	36865
11932	6933
26257	21337
9894	4985
6938	2007
13414	8389
20722	15771
39860	34924
39026	34045
30359	25336
20524	15517
23831	18860
54027	48938
39368	34371
14480	9518
23215	18282
47989	43079
45614	40526
41060	35985
11908	6943
17824	12870
34296	29280
24120	19110
47243	42255
53543	48567
33226	28210
13618	8582
10053	5003
53875	48843
28861	23904
31773	26836
52476	47571
45961	41004
22668	17655
32096	27007
39895	34921
17507	12411
45604	40545
11132	6147
10916	5915
28218	23214
5206	113
19136	14081
19872	14871
41056	36003
46666	41598
42535	37496
48058	43126
18889	13851
6925	1836
18555	13579
27647	22715
21054	16104
23891	18847
53359	48347
53077	48088
43123	38106
23924	18939
54833	49822
38329	33385
49997	45011
22829	17891
6576	1593
31267	26302
52105	47171
5586	669
32802	27860
35239	30285
43188	38158
35401	30381
36861	31833
16050	11000
29664	24637
47235	42244
51460	46375
37230	32317
15484	10520
