200	3092566
6416	1364
8212	3248
12107	7086
6484	1507
39442	34410
41283	36251
15909	10845
24191	19257
31665	26636
39512	34609
31394	26486
15016	9934
47552	42634
19540	14540
15290	10285
47458	42510
37019	32044
22844	17803
50666	45586
54198	49198
18769	13736
48222	43160
10472	5399
48351	43259
33398	28343
53369	48411
35678	30709
28357	23441
11418	6335
36196	31290
52422	47471
50502	45498
23652	18653
8924	4007
51378	46306
13170	8104
23677	18760
43892	38834
32499	27536
54847	49846
31694	26595
46792	41696
47224	42182
25581	20551
12593	7511
43940	39033
20931	15944
36857	31815
23896	18937
35224	30310
31838	26848
47633	42576
16667	11674
51797	46709
14770	9687
29467	24429
7021	1974
26103	21160
41753	36716
29406	24321
32081	27173
40291	35316
33591	28655
36686	31687
14612	9689
21230	16133
36307	31235
51861	46842
15674	10674
6233	1235
32403	27348
20694	15650
42898	37959
41650	36692
44849	39941
25733	20832
29798	24770
50906	45831
36671	31714
29384	24462
40360	35377
5911	866
40316	35326
26923	22018
11470	6373
40105	35011
8176	3185
16241	11222
20785	15875
51070	46051
45319	40295
23344	18352
21143	16237
23845	18837
13053	8053
11217	6248
37237	32210
46587	41576
21004	16022
20132	15230
11016	6056
21440	16448
34817	29735
10651	5575
46048	40951
30836	25870
18387	13290
36710	31645
25310	20308
28351	23319
20881	15967
44007	38947
45985	40972
40862	35777
37112	32138
19195	14237
21706	16620
22174	17187
9754	4798
9255	4262
20117	15060
6785	1701
51601	46577
7518	2421
19129	14094
54437	49363
9449	4515
16545	11467
20431	15410
7081	2013
35786	30868
14077	9159
37109	32149
46764	41691
19430	14520
43933	38834
24432	19452
21789	16693
25074	20074
9338	4297
37127	32062
43963	38867
13911	8942
35928	30950
16811	11762
23121	18072
40258	35308
9523	4528
39623	34536
11028	6039
22891	17826
31883	26824
43479	38531
12474	7561
30061	25160
42979	38061
31797	26750
10254	5318
8178	3149
8855	3921
21131	16089
15443	10456
53611	48679
40525	35516
31107	26049
32806	27753
31988	26914
8921	3890
51631	46671
52084	47153
6980	1889
26992	22012
25563	20635
12500	7464
29005	23997
23400	18384
15093	10083
17577	12486
46479	41493
10558	5524
20027	14943
43319	38354
9167	4078
5482	402
13360	8365
9192	4172
10864	5913
24287	19226
19587	14614
24401	19320
49419	44504
28045	23065
14245	9258
37765	32759
46332	41235
30894	25958
11674	6653
48115	43165
32112	27133
34755	29767
