200	3626911
20869	15917
28138	23059
10481	5573
49964	44874
33853	28854
47106	42159
25602	20536
19997	14966
43595	38552
38416	33498
7745	2775
51219	46290
37348	32328
23236	18158
43540	38453
36338	31413
54803	49735
15041	10061
33851	28853
26289	21318
19261	14259
12286	7371
53230	48298
26358	21401
33965	28867
10592	5686
11358	6274
43788	38879
39064	34115
33998	28970
53408	48454
33816	28730
24912	19967
38163	33221
40633	35569
47702	42737
41477	36415
27561	22633
9436	4435
24766	19746
40694	35675
52913	47949
17243	12253
12453	7413
10942	6006
5923	931
52844	47840
51203	46253
30872	25836
11081	6151
24004	19001
50844	45892
35580	30579
37981	32964
26271	21191
35454	30507
8689	3596
44308	39336
46344	41365
17773	12843
13809	8873
23731	18772
23116	18124
51870	46950
15831	10736
47659	42588
30750	25730
36189	31239
37903	32957
24015	19031
51406	46371
30824	25774
26117	21204
51993	46992
50616	45647
21112	16189
27389	22317
48076	43169
23684	18636
29069	24129
9019	4117
22850	17792
22018	16935
51758	46719
47631	42609
31040	26086
51347	46319
47032	42026
39537	34617
14692	9671
34670	29667
22870	17875
36485	31554
8954	3915
47815	42885
44434	39387
28943	23921
46007	41033
53666	48673
36369	31281
6622	1621
5461	438
44043	39039
35957	30861
43560	38547
25404	20429
34990	30021
22754	17852
23966	18913
27513	22528
5649	583
42300	37341
48154	43239
6950	1938
39745	34753
44607	39680
39300	34381
9721	4643
28214	23169
50986	46080
43447	38433
23642	18730
46892	41903
49030	44015
26424	21375
43758	38740
31382	26355
43735	38771
44767	39835
22540	17521
40884	35830
28969	24004
18996	14027
42547	37558
51609	46532
26674	21768
6338	1328
8858	3847
11804	6845
12561	7655
6544	1477
7157	2186
52318	47360
51611	46625
41376	36445
31488	26548
16135	11190
44159	39254
35189	30170
49993	44912
35673	30591
20052	15105
51736	46636
53311	48375
34405	29334
6762	1809
30107	25149
17364	12401
54835	49930
41606	36606
8133	3152
41925	36833
31301	26343
5272	367
42630	37534
43018	38096
43256	38232
26355	21349
9230	4215
6413	1449
29468	24407
23209	18226
38927	33927
40424	35349
30971	25879
49061	43968
51373	46405
27554	22457
38501	33560
15439	10411
46419	41422
25228	20135
17057	11978
36877	31923
53938	49031
24668	19603
5593	674
51709	46613
49185	44136
16556	11456
32969	27976
45801	40886
53593	48605
17046	12061
43296	38219
17727	12713
22200	17157
41749	36808
54060	48989
40158	35102
