200	4410520
32521	27438
23464	18508
48117	43028
49829	44869
38313	33317
23230	18204
9630	4572
34327	29301
47613	42552
12851	7822
49273	44192
16269	11363
17054	12083
46485	41578
34146	29108
19633	14574
32328	27425
8388	3314
48844	43914
42936	38015
22240	17157
18950	14015
47510	42498
10254	5158
16724	11650
11735	6729
50051	45148
22927	17896
52048	47048
51480	46540
25195	20159
39460	34436
36564	31652
27744	22832
40132	35123
54211	49249
49248	44174
26726	21802
48357	43267
51308	46398
51389	46360
51908	46870
24156	19231
16707	11774
21479	16407
42509	37464
7129	2144
33613	28649
48580	43613
8517	3509
13161	8070
26701	21626
42927	37945
14574	9542
41833	36895
53345	48277
44895	39890
16949	12047
21591	16690
44319	39343
26499	21578
12696	7786
35271	30268
28641	23707
16155	11144
32146	27066
36530	31596
27576	22674
41551	36582
50163	45091
47783	42737
41619	36637
7576	2586
49531	44520
40581	35517
6475	1571
13939	8900
53593	48679
28242	23169
17982	13043
24193	19099
23242	18146
13114	8037
51242	46338
54305	49237
30233	25203
12364	7368
23983	18907
42753	37747
7767	2718
28389	23479
50317	45315
47586	42683
51454	46437
8855	3895
51521	46421
36554	31579
13519	8585
25599	20545
8773	3755
42050	37123
6474	1438
31269	26263
45316	40310
38330	33256
44032	38944
29206	24117
40401	35394
45624	40569
28573	23561
50138	45086
31332	26333
53357	48374
27260	22250
48735	43736
38001	33025
13336	8385
36490	31427
36167	31084
30412	25478
43259	38204
34691	29733
12393	7376
49877	44872
38632	33597
16016	10957
9723	4655
38406	33314
46633	41588
21210	16213
23351	18446
18835	13757
35348	30363
37339	32354
13389	8487
40022	34977
53003	48080
6575	1602
45628	40651
46376	41463
45923	40892
34251	29332
10409	5362
44977	39942
44012	39008
18266	13346
18699	13775
36603	31547
45760	40726
46260	41328
38065	33158
45793	40700
26711	21751
28110	23032
21988	17072
22367	17359
25632	20652
5039	99
39480	34464
40874	35962
32563	27653
41166	36146
10452	5374
36903	31969
12136	7169
32069	27039
11652	6638
21184	16259
26332	21366
40488	35550
48308	43241
43672	38698
24381	19313
5585	644
27122	22031
48736	43754
37282	32289
18762	13708
10507	5605
44815	39884
13261	8197
13412	8406
35247	30159
27923	22947
43210	38235
52949	47964
33690	28762
44382	39421
37586	32491
33720	28675
19705	14637
50639	45714
20150	15139
21752	16710
5055	8
9570	4587
26262	21174
35219	30163
14422	9440
9375	4317
