200	877801
32948	27910
50623	45587
10816	5896
50220	45161
35671	30768
50941	45842
23751	18774
8850	3892
41777	36692
33549	28572
12560	7568
12234	7209
34816	29856
30479	25453
42611	37614
7060	2065
7754	2806
7686	2598
23544	18531
50563	45607
45255	40262
12967	7914
25070	20001
9195	4282
48980	43977
29997	25047
27491	22408
19300	14392
31615	26518
27729	22786
25754	20776
24030	18995
54433	49446
53015	48114
14530	9562
27451	22473
45885	40911
27373	22433
35509	30540
9068	4147
34647	29634
34976	30049
41299	36243
45088	40141
33798	28872
23804	18832
44933	39929
39095	34002
53476	48521
13335	8321
21469	16481
12452	7391
5847	853
42825	37788
47633	42555
45621	40705
38307	33244
37808	32765
17592	12495
18291	13245
27243	22147
51006	45918
43258	38328
9946	4985
27990	23029
27079	22142
35022	29945
35695	30733
23050	18036
38502	33456
30046	25045
46745	41834
43390	38457
48837	43865
40571	35474
53047	47948
18152	13237
25943	21007
35719	30710
32455	27493
45671	40655
49014	43946
49789	44710
28021	23085
35318	30260
17596	12632
43919	38946
47156	42182
38026	33006
10318	5296
16281	11381
52654	47719
50447	45354
37947	32894
23893	18911
45436	40382
9966	4905
44080	39084
7385	2391
16817	11767
37016	31983
12081	7047
9145	4236
27278	22333
15675	10647
10873	5881
30836	25762
41759	36754
15172	10204
47297	42396
49615	44517
30502	25444
16237	11313
10215	5120
54551	49544
39655	34690
39954	34877
26301	21319
6182	1261
53674	48677
34440	29517
8403	3408
26146	21116
8262	3351
34918	29988
32738	27736
25340	20273
43340	38409
51030	46101
16476	11460
28322	23367
32327	27399
34550	29623
24838	19829
14402	9327
8009	3020
38766	33825
28232	23262
32019	27056
48978	43992
27425	22376
28884	23803
24256	19329
46620	41587
37609	32542
20172	15115
28330	23253
10975	6049
28775	23831
22720	17739
38553	33568
50430	45490
25419	20344
48077	42990
39944	34880
8838	3899
13168	8158
21270	16325
18738	13811
23289	18258
43896	38847
20307	15366
30070	25157
16009	11043
29507	24518
29317	24378
54230	49299
10236	5302
7604	2510
51929	46979
13996	8917
45634	40726
44830	39847
54636	49680
22207	17176
46936	41843
41651	36736
54436	49343
39139	34139
19720	14636
37282	32334
39719	34729
41280	36298
27058	22042
43856	38867
29815	24746
54790	49810
6357	1407
21711	16644
32019	27011
46063	41043
29666	24632
45587	40633
39533	34443
29851	24841
26463	21396
47656	42573
28821	23879
46578	41549
28233	23333
