200	1729190
9059	4059
11368	6368
35664	30664
20573	15573
14247	9247
32743	27743
21098	16098
18145	13145
26977	21977
29928	24928
26687	21687
30000	25000
6921	1921
45801	40801
47513	42513
28726	23726
44289	39289
53408	48408
28520	23520
35125	30125
15382	10382
45702	40702
52474	47474
38546	33546
24032	19032
8051	3051
38071	33071
20740	15740
18075	13075
14568	9568
53861	48861
8600	3600
21436	16436
14756	9756
50818	45818
38002	33002
36102	31102
35923	30923
44350	39350
36777	31777
51865	46865
43433	38433
10894	5894
33514	28514
30433	25433
45886	40886
27861	22861
46471	41471
11132	6132
20300	15300
40652	35652
26812	21812
7684	2684
9252	4252
31459	26459
5234	234
43768	38768
47941	42941
37266	32266
51662	46662
30737	25737
15723	10723
54560	49560
41638	36638
28677	23677
50419	45419
24056	19056
18059	13059
38109	33109
31768	26768
10617	5617
37625	32625
54613	49613
24640	19640
30998	25998
42704	37704
40830	35830
30067	25067
29904	24904
11685	6685
13261	8261
48561	43561
36865	31865
48730	43730
54923	49923
36654	31654
38297	33297
39040	34040
42532	37532
21254	16254
33176	28176
28824	23824
33046	28046
11466	6466
6568	1568
7909	2909
42137	37137
31427	26427
36016	31016
24264	19264
33096	28096
48429	43429
14074	9074
25639	20639
35677	30677
39709	34709
31870	26870
22902	17902
38370	33370
9202	4202
37727	32727
39965	34965
32480	27480
17540	12540
51421	46421
54297	49297
38680	33680
49331	44331
13277	8277
44493	39493
11851	6851
17399	12399
22862	17862
53114	48114
53713	48713
11168	6168
9670	4670
49328	44328
44027	39027
40496	35496
45822	40822
39357	34357
13768	8768
31795	26795
20896	15896
43493	38493
36174	31174
51167	46167
43229	38229
51880	46880
24226	19226
18264	13264
39537	34537
5945	945
25841	20841
39881	34881
38812	33812
9206	4206
41098	36098
41382	36382
20268	15268
15270	10270
12738	7738
46622	41622
5556	556
50442	45442
26171	21171
53415	48415
33287	28287
14377	9377
5081	81
45356	40356
39401	34401
7530	2530
37923	32923
46063	41063
20035	15035
43309	38309
11775	6775
51778	46778
42719	37719
8828	3828
13444	8444
54931	49931
30226	25226
49297	44297
45424	40424
49180	44180
13459	8459
8171	3171
27598	22598
5254	254
10053	5053
49895	44895
54364	49364
20078	15078
17743	12743
30241	25241
10815	5815
15694	10694
20234	15234
49916	44916
8775	3775
42878	37878
27899	22899
19835	14835
33057	28057
12426	7426
42634	37634
43570	38570
