200	847390
44955	39955
49278	44278
34710	29710
17855	12855
19545	14545
12099	7099
8613	3613
9886	4886
20526	15526
54860	49860
36223	31223
27979	22979
9257	4257
29281	24281
6140	1140
43807	38807
44868	39868
14331	9331
44366	39366
9823	4823
48008	43008
42659	37659
35322	30322
41216	36216
29861	24861
16085	11085
35853	30853
18439	13439
45876	40876
24243	19243
23887	18887
43930	38930
51704	46704
52900	47900
39142	34142
35553	30553
45352	40352
20223	15223
40272	35272
26956	21956
7080	2080
51463	46463
13059	8059
42824	37824
48742	43742
31101	26101
32010	27010
13312	8312
44095	39095
20494	15494
40293	35293
37336	32336
22753	17753
39221	34221
38446	33446
30942	25942
33042	28042
32224	27224
38494	33494
24831	19831
45219	40219
25152	20152
22864	17864
27772	22772
37267	32267
8189	3189
32090	27090
23141	18141
34056	29056
34123	29123
11911	6911
54423	49423
26772	21772
28699	23699
7531	2531
52989	47989
45046	40046
38778	33778
16934	11934
9590	4590
39059	34059
27427	22427
33250	28250
13949	8949
10581	5581
20796	15796
8475	3475
35045	30045
22596	17596
7333	2333
49118	44118
28776	23776
41653	36653
16570	11570
54945	49945
27486	22486
35047	30047
40265	35265
12360	7360
15774	10774
43344	38344
34041	29041
31005	26005
27544	22544
16656	11656
44093	39093
43628	38628
30297	25297
16074	11074
14154	9154
27757	22757
53253	48253
39131	34131
51164	46164
30845	25845
48418	43418
24947	19947
31681	26681
50024	45024
18084	13084
53685	48685
32487	27487
16823	11823
29370	24370
17625	12625
26728	21728
12843	7843
52748	47748
38133	33133
21003	16003
26305	21305
32869	27869
14827	9827
46522	41522
43337	38337
7978	2978
17373	12373
39401	34401
52481	47481
45633	40633
42643	37643
54573	49573
49084	44084
30981	25981
35768	30768
8026	3026
43956	38956
8860	3860
39124	34124
18265	13265
43973	38973
14381	9381
53919	48919
31805	26805
26618	21618
32193	27193
11676	6676
18191	13191
24960	19960
28212	23212
17182	12182
30256	25256
28130	23130
5106	106
27557	22557
50095	45095
43365	38365
17670	12670
15572	10572
48539	43539
24036	19036
46378	41378
35140	30140
24626	19626
28857	23857
46874	41874
32204	27204
11016	6016
38353	33353
11243	6243
8992	3992
21864	16864
7673	2673
8087	3087
44565	39565
52047	47047
39647	34647
10285	5285
27761	22761
22092	17092
31003	26003
27350	22350
46045	41045
27861	22861
11456	6456
43279	38279
29175	24175
43290	38290
26591	21591
30868	25868
