200	2411904
17481	12481
18394	13394
38895	33895
36083	31083
13955	8955
12403	7403
32528	27528
27696	22696
52853	47853
22670	17670
23606	18606
43895	38895
52442	47442
8122	3122
23045	18045
42607	37607
47255	42255
41818	36818
26765	21765
32578	27578
19754	14754
33607	28607
19227	14227
29726	24726
9350	4350
7835	2835
40952	35952
35826	30826
14646	9646
6135	1135
6537	1537
27437	22437
19303	14303
47677	42677
18502	13502
37682	32682
53955	48955
48882	43882
22982	17982
43455	38455
28275	23275
32612	27612
13571	8571
31577	26577
28160	23160
20027	15027
42168	37168
39884	34884
14924	9924
27748	22748
7554	2554
16138	11138
18163	13163
54057	49057
26898	21898
7781	2781
36560	31560
19946	14946
21752	16752
6863	1863
48304	43304
19801	14801
14926	9926
40400	35400
23646	18646
15740	10740
5660	660
13661	8661
28310	23310
30758	25758
39206	34206
19809	14809
31463	26463
45221	40221
45318	40318
23155	18155
9254	4254
11553	6553
51512	46512
17690	12690
50732	45732
20390	15390
42806	37806
18169	13169
30919	25919
54690	49690
16856	11856
21232	16232
36642	31642
18470	13470
49948	44948
26791	21791
7673	2673
12168	7168
12489	7489
29697	24697
50160	45160
41329	36329
26993	21993
16653	11653
36477	31477
44052	39052
14054	9054
38450	33450
52954	47954
22080	17080
49876	44876
35887	30887
35069	30069
27327	22327
5667	667
40058	35058
33425	28425
29016	24016
34456	29456
15060	10060
9330	4330
13852	8852
37930	32930
44329	39329
9310	4310
16499	11499
13934	8934
44177	39177
39567	34567
12684	7684
6098	1098
13262	8262
29862	24862
26290	21290
47825	42825
16602	11602
28001	23001
43565	38565
5147	147
53697	48697
49022	44022
7724	2724
36222	31222
27978	22978
52184	47184
22438	17438
52745	47745
32986	27986
27116	22116
41218	36218
42766	37766
45148	40148
12606	7606
25202	20202
9567	4567
27956	22956
7798	2798
28390	23390
31905	26905
20334	15334
45933	40933
14381	9381
37715	32715
30572	25572
21889	16889
33212	28212
15764	10764
52444	47444
43941	38941
33775	28775
19599	14599
50469	45469
40457	35457
51427	46427
21918	16918
37913	32913
36837	31837
42610	37610
43124	38124
8839	3839
17637	12637
50910	45910
19195	14195
31609	26609
46687	41687
6031	1031
33048	28048
17322	12322
52720	47720
47580	42580
9292	4292
21139	16139
29048	24048
34231	29231
13254	8254
53212	48212
14869	9869
19229	14229
47490	42490
39824	34824
41992	36992
18189	13189
35877	30877
40017	35017
