200	4102850
42598	37598
9041	4041
31097	26097
47720	42720
21243	16243
39496	34496
49285	44285
28079	23079
27056	22056
45802	40802
38590	33590
5487	487
37029	32029
28792	23792
8260	3260
44338	39338
34717	29717
16582	11582
34224	29224
54713	49713
35619	30619
24536	19536
26264	21264
47300	42300
41097	36097
21736	16736
36610	31610
24352	19352
42282	37282
26176	21176
17427	12427
35628	30628
48467	43467
36069	31069
37812	32812
17168	12168
52091	47091
36681	31681
21096	16096
13512	8512
8113	3113
44354	39354
25349	20349
16628	11628
47729	42729
5915	915
13127	8127
17753	12753
41683	36683
43378	38378
27138	22138
48685	43685
23559	18559
8760	3760
11470	6470
16326	11326
51513	46513
11291	6291
28864	23864
14189	9189
34401	29401
46458	41458
18753	13753
19204	14204
54309	49309
45973	40973
35644	30644
9558	4558
26748	21748
33663	28663
26416	21416
5201	201
23709	18709
49796	44796
41485	36485
14663	9663
24430	19430
24504	19504
47216	42216
39670	34670
16822	11822
12969	7969
7200	2200
41987	36987
54217	49217
23793	18793
27717	22717
12443	7443
25902	20902
34387	29387
50313	45313
31018	26018
19545	14545
5135	135
46417	41417
45737	40737
16875	11875
30311	25311
6612	1612
53784	48784
54935	49935
36681	31681
23984	18984
6155	1155
43527	38527
28587	23587
18511	13511
12995	7995
51121	46121
24217	19217
42165	37165
48301	43301
21059	16059
5629	629
27877	22877
16979	11979
10018	5018
49346	44346
26319	21319
31853	26853
9140	4140
48230	43230
19349	14349
17777	12777
53745	48745
24877	19877
45279	40279
29224	24224
42671	37671
37921	32921
33883	28883
14403	9403
29515	24515
5165	165
34127	29127
14885	9885
30116	25116
48160	43160
45024	40024
32000	27000
48810	43810
7352	2352
6105	1105
5277	277
27341	22341
14368	9368
17380	12380
40218	35218
21461	16461
31299	26299
40893	35893
5731	731
49787	44787
47271	42271
14075	9075
22197	17197
31035	26035
35656	30656
12631	7631
11844	6844
36807	31807
26194	21194
16363	11363
6973	1973
39170	34170
23870	18870
21380	16380
42333	37333
14086	9086
39206	34206
43046	38046
11347	6347
18985	13985
5514	514
32176	27176
5975	975
21108	16108
40171	35171
34644	29644
31024	26024
40211	35211
51070	46070
53506	48506
54536	49536
52326	47326
29726	24726
23673	18673
8500	3500
43875	38875
45285	40285
35012	30012
49989	44989
7506	2506
34871	29871
34046	29046
33577	28577
41321	36321
47438	42438
43991	38991
19228	14228
