200	2627495
52364	47364
32784	27784
50586	45586
34900	29900
34744	29744
47629	42629
6402	1402
38565	33565
28015	23015
19787	14787
22179	17179
39857	34857
43015	38015
23089	18089
16434	11434
39157	34157
10634	5634
54163	49163
8511	3511
27416	22416
5811	811
32126	27126
12284	7284
41649	36649
40966	35966
35918	30918
21981	16981
47870	42870
23352	18352
18830	13830
47118	42118
25214	20214
31405	26405
10268	5268
24751	19751
49346	44346
34825	29825
20393	15393
39287	34287
52893	47893
27782	22782
11775	6775
40775	35775
19324	14324
31505	26505
54351	49351
13234	8234
37400	32400
37886	32886
29860	24860
42862	37862
42929	37929
33418	28418
33755	28755
5100	100
19409	14409
25373	20373
25758	20758
17718	12718
40708	35708
22821	17821
39736	34736
44721	39721
42124	37124
30321	25321
16560	11560
11447	6447
37124	32124
10812	5812
23164	18164
42294	37294
10944	5944
29634	24634
42727	37727
18465	13465
31529	26529
50378	45378
49554	44554
33490	28490
53071	48071
49056	44056
52039	47039
51593	46593
20570	15570
26810	21810
49520	44520
53726	48726
39929	34929
53584	48584
23121	18121
32776	27776
20258	15258
54458	49458
12012	7012
38984	33984
21618	16618
37994	32994
45267	40267
9473	4473
40159	35159
13606	8606
40224	35224
40036	35036
12060	7060
46036	41036
41069	36069
23899	18899
32888	27888
14149	9149
39947	34947
46907	41907
47108	42108
37685	32685
8177	3177
49074	44074
33749	28749
33534	28534
37348	32348
20246	15246
50378	45378
22042	17042
16243	11243
8204	3204
19203	14203
39597	34597
41670	36670
21042	16042
40024	35024
32915	27915
32063	27063
43670	38670
21774	16774
44648	39648
24728	19728
15907	10907
53629	48629
12413	7413
50645	45645
9911	4911
34364	29364
7384	2384
34931	29931
49704	44704
48692	43692
41865	36865
21723	16723
13295	8295
11716	6716
15087	10087
11965	6965
26269	21269
8142	3142
38832	33832
45201	40201
23931	18931
23865	18865
39979	34979
13663	8663
35778	30778
46143	41143
47144	42144
35894	30894
5586	586
13202	8202
11531	6531
36065	31065
13801	8801
16235	11235
9382	4382
42552	37552
34467	29467
11486	6486
13505	8505
16391	11391
54353	49353
31857	26857
16663	11663
6268	1268
27950	22950
44903	39903
32995	27995
47804	42804
46653	41653
31637	26637
54333	49333
52482	47482
22712	17712
37026	32026
29353	24353
26217	21217
45508	40508
31704	26704
31775	26775
42433	37433
50639	45639
41464	36464
41489	36489
12020	7020
16670	11670
48562	43562
