200	2552886
40272	35272
44336	39336
48987	43987
50423	45423
39484	34484
45301	40301
22453	17453
20324	15324
11666	6666
12140	7140
13618	8618
34047	29047
18586	13586
42270	37270
30715	25715
22321	17321
51607	46607
34038	29038
41747	36747
22428	17428
33612	28612
17065	12065
35913	30913
20180	15180
11328	6328
40831	35831
47195	42195
24366	19366
7129	2129
41376	36376
50690	45690
13204	8204
33546	28546
13225	8225
23250	18250
47859	42859
42676	37676
20652	15652
20118	15118
37198	32198
24815	19815
36261	31261
46644	41644
47030	42030
7335	2335
42539	37539
40959	35959
52432	47432
20061	15061
46905	41905
19526	14526
7835	2835
54440	49440
26952	21952
20199	15199
42751	37751
30065	25065
54608	49608
36321	31321
29635	24635
24500	19500
42472	37472
32027	27027
29757	24757
24424	19424
32530	27530
11104	6104
10114	5114
33773	28773
39904	34904
22368	17368
26055	21055
30744	25744
35399	30399
19303	14303
22254	17254
5292	292
32217	27217
31760	26760
39627	34627
48581	43581
28352	23352
45873	40873
40734	35734
18226	13226
36416	31416
51029	46029
37774	32774
14567	9567
48188	43188
23489	18489
41957	36957
40651	35651
44393	39393
12028	7028
18182	13182
25164	20164
52949	47949
36995	31995
45207	40207
36202	31202
24639	19639
52435	47435
40547	35547
45404	40404
22698	17698
50641	45641
35769	30769
14018	9018
20403	15403
52631	47631
15249	10249
5807	807
28642	23642
31686	26686
41045	36045
51911	46911
22845	17845
19991	14991
45828	40828
25211	20211
47195	42195
19114	14114
5613	613
31407	26407
47586	42586
12828	7828
24575	19575
31939	26939
48750	43750
28812	23812
49446	44446
45445	40445
24023	19023
8729	3729
14716	9716
11986	6986
11626	6626
21474	16474
17452	12452
40312	35312
17636	12636
6850	1850
42844	37844
45691	40691
7354	2354
35601	30601
8456	3456
30023	25023
50961	45961
7630	2630
9627	4627
43309	38309
36158	31158
15553	10553
36881	31881
49483	44483
52570	47570
46318	41318
20450	15450
51631	46631
35429	30429
15213	10213
45733	40733
45546	40546
23832	18832
6659	1659
37788	32788
6666	1666
12880	7880
33392	28392
54259	49259
44681	39681
41701	36701
16944	11944
46527	41527
34146	29146
9460	4460
15811	10811
9740	4740
10569	5569
18572	13572
22754	17754
38188	33188
18586	13586
39465	34465
49739	44739
12380	7380
21945	16945
34308	29308
34853	29853
36238	31238
52289	47289
19776	14776
11083	6083
22544	17544
10270	5270
11980	6980
35936	30936
54367	49367
