200	1775863
14367	9367
35334	30334
8527	3527
32243	27243
10997	5997
46304	41304
23930	18930
47272	42272
26990	21990
23678	18678
52850	47850
37605	32605
53235	48235
35021	30021
54994	49994
8469	3469
53313	48313
38934	33934
6246	1246
28957	23957
24764	19764
47966	42966
41651	36651
33478	28478
42605	37605
40110	35110
6617	1617
15118	10118
17308	12308
12264	7264
46789	41789
36063	31063
22854	17854
22187	17187
51222	46222
12315	7315
23904	18904
39090	34090
52629	47629
32405	27405
47915	42915
18440	13440
45392	40392
22830	17830
28301	23301
43204	38204
45803	40803
18174	13174
14003	9003
11148	6148
31667	26667
32046	27046
23075	18075
14011	9011
51369	46369
41825	36825
37794	32794
44368	39368
43272	38272
45970	40970
31981	26981
53559	48559
52401	47401
48909	43909
22442	17442
20912	15912
38133	33133
39651	34651
52747	47747
12010	7010
24921	19921
44780	39780
43066	38066
7571	2571
44383	39383
44625	39625
8005	3005
41384	36384
11403	6403
13263	8263
22466	17466
32106	27106
19141	14141
53824	48824
14935	9935
46080	41080
42050	37050
19325	14325
35638	30638
50455	45455
37378	32378
15118	10118
26215	21215
23432	18432
35758	30758
43478	38478
35174	30174
49548	44548
18805	13805
35880	30880
37669	32669
44371	39371
19293	14293
10944	5944
52965	47965
53037	48037
8218	3218
13478	8478
47137	42137
19374	14374
52452	47452
27157	22157
19293	14293
41927	36927
45174	40174
10876	5876
11197	6197
23464	18464
7342	2342
29788	24788
46461	41461
26623	21623
21696	16696
50462	45462
15464	10464
30120	25120
13345	8345
41636	36636
40383	35383
9848	4848
38200	33200
42231	37231
26909	21909
25573	20573
7936	2936
51957	46957
41646	36646
41084	36084
38497	33497
23406	18406
12161	7161
30696	25696
11126	6126
47703	42703
52781	47781
33673	28673
18736	13736
10322	5322
50606	45606
31179	26179
36186	31186
51760	46760
50587	45587
17733	12733
16286	11286
13622	8622
34781	29781
34561	29561
12453	7453
23760	18760
21242	16242
40317	35317
54620	49620
14104	9104
41938	36938
8363	3363
33102	28102
30976	25976
53232	48232
24559	19559
52518	47518
34622	29622
34694	29694
7804	2804
45000	40000
52771	47771
5551	551
42182	37182
31659	26659
18098	13098
16010	11010
53977	48977
17266	12266
28235	23235
29148	24148
43890	38890
17721	12721
51555	46555
23632	18632
37576	32576
34952	29952
14765	9765
29522	24522
31503	26503
37767	32767
13778	8778
47696	42696
53860	48860
40883	35883
22992	17992
