200	1645870
51532	46532
44164	39164
16726	11726
11056	6056
45562	40562
17813	12813
22488	17488
52048	47048
14052	9052
12180	7180
12950	7950
26090	21090
53437	48437
19299	14299
48917	43917
36978	31978
38281	33281
10476	5476
41336	36336
47595	42595
8153	3153
48077	43077
29779	24779
43277	38277
17927	12927
12988	7988
31356	26356
11157	6157
52656	47656
42665	37665
51684	46684
9113	4113
6675	1675
41753	36753
33860	28860
47333	42333
20831	15831
40170	35170
24457	19457
30123	25123
15248	10248
43909	38909
44079	39079
52337	47337
45028	40028
9799	4799
26276	21276
16756	11756
27093	22093
49504	44504
49075	44075
37387	32387
11807	6807
13666	8666
26751	21751
37437	32437
49467	44467
20874	15874
43422	38422
8828	3828
36875	31875
37540	32540
13021	8021
41852	36852
5703	703
24827	19827
35579	30579
39610	34610
11809	6809
46170	41170
32595	27595
9747	4747
34714	29714
9311	4311
16899	11899
24625	19625
41464	36464
27695	22695
29718	24718
27622	22622
26082	21082
47480	42480
16325	11325
46447	41447
50210	45210
14614	9614
18770	13770
33886	28886
39909	34909
28807	23807
28982	23982
19532	14532
22284	17284
16254	11254
18166	13166
24267	19267
29166	24166
32676	27676
27709	22709
50073	45073
34105	29105
21288	16288
27210	22210
9369	4369
34288	29288
11922	6922
23366	18366
5537	537
43878	38878
7859	2859
49563	44563
37372	32372
24703	19703
34071	29071
31857	26857
16283	11283
35923	30923
28527	23527
36760	31760
46158	41158
15334	10334
45354	40354
16031	11031
11730	6730
26313	21313
35797	30797
45407	40407
39733	34733
14683	9683
6039	1039
34557	29557
37331	32331
24082	19082
31150	26150
6121	1121
32787	27787
27989	22989
48333	43333
51796	46796
33461	28461
7464	2464
44484	39484
47672	42672
32968	27968
33463	28463
7622	2622
22256	17256
7785	2785
36863	31863
49312	44312
5230	230
47711	42711
16835	11835
26034	21034
39064	34064
6357	1357
11697	6697
50922	45922
53001	48001
30154	25154
8318	3318
13843	8843
39698	34698
6258	1258
36473	31473
8446	3446
49692	44692
18868	13868
26121	21121
39529	34529
50088	45088
43217	38217
28936	23936
18526	13526
49803	44803
51980	46980
43330	38330
32573	27573
44223	39223
43730	38730
41826	36826
39081	34081
20855	15855
52759	47759
27166	22166
23412	18412
10004	5004
41222	36222
13902	8902
24363	19363
9961	4961
9339	4339
53697	48697
52190	47190
9524	4524
52072	47072
31467	26467
12137	7137
35147	30147
8102	3102
