200	1657977
14543	9543
8317	3317
11257	6257
18021	13021
31257	26257
25774	20774
22057	17057
33175	28175
30312	25312
13425	8425
49593	44593
27070	22070
24779	19779
6340	1340
54783	49783
46164	41164
20019	15019
10783	5783
27364	22364
23975	18975
5218	218
44424	39424
44895	39895
18960	13960
11792	6792
50740	45740
10306	5306
51816	46816
33501	28501
14266	9266
26797	21797
47941	42941
45494	40494
44450	39450
45115	40115
44623	39623
46483	41483
33630	28630
34106	29106
54544	49544
17321	12321
36690	31690
30154	25154
8932	3932
18996	13996
54073	49073
13882	8882
29222	24222
33336	28336
53518	48518
42669	37669
28363	23363
35344	30344
20623	15623
5010	10
19338	14338
35429	30429
15048	10048
25598	20598
43261	38261
28163	23163
14257	9257
15511	10511
37075	32075
9083	4083
31174	26174
43687	38687
30087	25087
48586	43586
44146	39146
22770	17770
24991	19991
17785	12785
18957	13957
8538	3538
23436	18436
44821	39821
48164	43164
18371	13371
27749	22749
36440	31440
32908	27908
19746	14746
17163	12163
7211	2211
15536	10536
42415	37415
13348	8348
51725	46725
50996	45996
29609	24609
5293	293
43372	38372
43733	38733
22002	17002
48939	43939
44961	39961
43338	38338
47753	42753
36274	31274
27923	22923
45171	40171
16713	11713
40203	35203
54024	49024
8460	3460
48198	43198
16726	11726
43568	38568
41335	36335
28272	23272
33742	28742
39783	34783
48010	43010
10031	5031
22526	17526
40246	35246
38221	33221
14927	9927
33236	28236
11782	6782
33941	28941
11585	6585
54907	49907
43233	38233
19427	14427
34765	29765
21375	16375
33739	28739
33240	28240
11189	6189
27776	22776
30216	25216
22922	17922
12517	7517
32816	27816
38363	33363
42514	37514
8607	3607
23525	18525
9460	4460
32949	27949
47565	42565
45224	40224
54563	49563
10825	5825
24223	19223
28589	23589
54845	49845
16449	11449
43066	38066
13614	8614
50056	45056
40546	35546
54228	49228
48150	43150
7501	2501
5520	520
28502	23502
17966	12966
15121	10121
27622	22622
51435	46435
30144	25144
14945	9945
53090	48090
9862	4862
40620	35620
51592	46592
45383	40383
20102	15102
13490	8490
22922	17922
28128	23128
24534	19534
7524	2524
53064	48064
21801	16801
25104	20104
37456	32456
38199	33199
12807	7807
9431	4431
13028	8028
39701	34701
7398	2398
15794	10794
40262	35262
9846	4846
36266	31266
53015	48015
43474	38474
15129	10129
18558	13558
48493	43493
47282	42282
44300	39300
10230	5230
10651	5651
47505	42505
