200	853445
13310	8310
23833	18833
22528	17528
24469	19469
52992	47992
17820	12820
45372	40372
29292	24292
26315	21315
31487	26487
33515	28515
14114	9114
43008	38008
21327	16327
36440	31440
54115	49115
43446	38446
41575	36575
18452	13452
20502	15502
8559	3559
39093	34093
15095	10095
31975	26975
9697	4697
47751	42751
34436	29436
23909	18909
16794	11794
34167	29167
15845	10845
25658	20658
18646	13646
13619	8619
15713	10713
30662	25662
39572	34572
14264	9264
9200	4200
17896	12896
9582	4582
50145	45145
24292	19292
21668	16668
41262	36262
21035	16035
24764	19764
44368	39368
13083	8083
15614	10614
15994	10994
47680	42680
41895	36895
6590	1590
14248	9248
23301	18301
36157	31157
20831	15831
54285	49285
17167	12167
32201	27201
16768	11768
11438	6438
42200	37200
13202	8202
13242	8242
22726	17726
37852	32852
44820	39820
52639	47639
27574	22574
35913	30913
6615	1615
19793	14793
34267	29267
36059	31059
51730	46730
41872	36872
53327	48327
13801	8801
28650	23650
35418	30418
33792	28792
38014	33014
53270	48270
23697	18697
24235	19235
41759	36759
35382	30382
40051	35051
33998	28998
37958	32958
46954	41954
22015	17015
40901	35901
29884	24884
6621	1621
24917	19917
49670	44670
21776	16776
54658	49658
51149	46149
14047	9047
45701	40701
15573	10573
12060	7060
24331	19331
20251	15251
31074	26074
43951	38951
38979	33979
54422	49422
23595	18595
6050	1050
24793	19793
26044	21044
45068	40068
13545	8545
53576	48576
42507	37507
15150	10150
51158	46158
41403	36403
35255	30255
30455	25455
44609	39609
41641	36641
18209	13209
30454	25454
28804	23804
21010	16010
45454	40454
51731	46731
10536	5536
42591	37591
15743	10743
37113	32113
44467	39467
30753	25753
49252	44252
50177	45177
26987	21987
39211	34211
43597	38597
18780	13780
30007	25007
30077	25077
23189	18189
19769	14769
26029	21029
35834	30834
45012	40012
9528	4528
36973	31973
43354	38354
49418	44418
16277	11277
25403	20403
54564	49564
30776	25776
22893	17893
24169	19169
10156	5156
5846	846
46976	41976
16016	11016
41969	36969
52773	47773
13056	8056
10829	5829
54690	49690
16984	11984
5045	45
39425	34425
44179	39179
11404	6404
33907	28907
47492	42492
45246	40246
51846	46846
17363	12363
47905	42905
34822	29822
38457	33457
10417	5417
31119	26119
47202	42202
17389	12389
14706	9706
48837	43837
27710	22710
39863	34863
54495	49495
52192	47192
45988	40988
16498	11498
42572	37572
12783	7783
18030	13030
27877	22877
