200	4178390
31871	26871
54959	49959
53465	48465
42843	37843
41501	36501
49859	44859
16459	11459
9265	4265
31832	26832
8102	3102
49262	44262
48818	43818
52566	47566
16427	11427
43444	38444
38486	33486
31433	26433
38495	33495
7507	2507
54396	49396
35985	30985
10317	5317
37711	32711
17543	12543
6913	1913
28185	23185
19973	14973
40586	35586
47884	42884
50282	45282
30075	25075
19738	14738
51605	46605
6989	1989
53451	48451
6968	1968
52619	47619
40507	35507
53893	48893
17291	12291
44476	39476
6400	1400
49868	44868
33426	28426
50498	45498
18482	13482
50349	45349
44285	39285
26267	21267
19198	14198
24098	19098
33923	28923
26853	21853
45572	40572
47640	42640
5343	343
40555	35555
48250	43250
45909	40909
33590	28590
10755	5755
52876	47876
9911	4911
17361	12361
40296	35296
6038	1038
46881	41881
46390	41390
48963	43963
51559	46559
11859	6859
5064	64
29831	24831
7039	2039
46438	41438
42445	37445
14090	9090
50066	45066
12944	7944
49425	44425
49003	44003
43617	38617
10730	5730
25135	20135
18186	13186
6050	1050
25494	20494
48347	43347
19733	14733
29210	24210
31218	26218
12490	7490
41378	36378
34547	29547
46589	41589
10719	5719
13658	8658
6517	1517
19559	14559
14503	9503
45500	40500
30149	25149
27611	22611
51659	46659
39137	34137
9488	4488
47358	42358
6513	1513
24209	19209
24282	19282
45113	40113
16926	11926
19978	14978
33484	28484
17252	12252
24639	19639
42512	37512
16165	11165
7627	2627
6680	1680
44531	39531
39310	34310
50980	45980
5019	19
19420	14420
12909	7909
36808	31808
23636	18636
19954	14954
46961	41961
21673	16673
41388	36388
41125	36125
16301	11301
37165	32165
38514	33514
19809	14809
47206	42206
47351	42351
27684	22684
46150	41150
20477	15477
42431	37431
48427	43427
13332	8332
38259	33259
32186	27186
54093	49093
50377	45377
31494	26494
30435	25435
11464	6464
33700	28700
30910	25910
25130	20130
13463	8463
16333	11333
13754	8754
17842	12842
10136	5136
25856	20856
8246	3246
28845	23845
31574	26574
48209	43209
6512	1512
28392	23392
22394	17394
48591	43591
30808	25808
10246	5246
10662	5662
41469	36469
18022	13022
8227	3227
54117	49117
54102	49102
46729	41729
22338	17338
47532	42532
50239	45239
22390	17390
39534	34534
25198	20198
25511	20511
29251	24251
40613	35613
9409	4409
8294	3294
25736	20736
6234	1234
30110	25110
32908	27908
9742	4742
11980	6980
32835	27835
24766	19766
47752	42752
13470	8470
29405	24405
