200	2602834
7290	2290
54428	49428
37799	32799
42067	37067
5788	788
23288	18288
25396	20396
44926	39926
23807	18807
6707	1707
47230	42230
21343	16343
19563	14563
49613	44613
13601	8601
20881	15881
19767	14767
32205	27205
6788	1788
16160	11160
47876	42876
45576	40576
42508	37508
13463	8463
44995	39995
52052	47052
27639	22639
40509	35509
26064	21064
9976	4976
51209	46209
50847	45847
50382	45382
26613	21613
48777	43777
6638	1638
49673	44673
16180	11180
9190	4190
33776	28776
36553	31553
37775	32775
10876	5876
7844	2844
33998	28998
40151	35151
41759	36759
36390	31390
36263	31263
45170	40170
33821	28821
53303	48303
38967	33967
37039	32039
50011	45011
42645	37645
30732	25732
42776	37776
30883	25883
37493	32493
8258	3258
42022	37022
38174	33174
35758	30758
16209	11209
49071	44071
10247	5247
29700	24700
25225	20225
29779	24779
15498	10498
34524	29524
9044	4044
22549	17549
8341	3341
15070	10070
26503	21503
37381	32381
20111	15111
28539	23539
33942	28942
29896	24896
34963	29963
45029	40029
49168	44168
32047	27047
52576	47576
6717	1717
54415	49415
52556	47556
5187	187
17784	12784
44465	39465
30180	25180
32452	27452
46237	41237
43831	38831
29050	24050
8719	3719
11552	6552
25536	20536
25730	20730
38087	33087
33338	28338
17488	12488
33653	28653
43556	38556
48257	43257
42358	37358
39813	34813
28606	23606
9573	4573
5308	308
51240	46240
45788	40788
52645	47645
17854	12854
8185	3185
5983	983
33384	28384
45069	40069
14675	9675
28357	23357
52319	47319
21885	16885
15852	10852
50015	45015
29335	24335
19574	14574
54894	49894
39180	34180
26468	21468
37882	32882
18329	13329
12025	7025
42881	37881
22981	17981
18924	13924
34335	29335
36659	31659
37540	32540
34664	29664
45847	40847
7185	2185
47184	42184
38092	33092
51136	46136
9788	4788
9887	4887
30170	25170
9514	4514
28141	23141
34731	29731
49007	44007
20898	15898
23211	18211
52790	47790
7804	2804
32523	27523
16517	11517
13067	8067
30555	25555
47168	42168
48373	43373
8757	3757
32114	27114
6004	1004
11639	6639
23208	18208
28828	23828
10423	5423
45926	40926
22589	17589
47843	42843
54396	49396
29562	24562
31974	26974
41114	36114
53816	48816
43058	38058
14081	9081
51249	46249
50357	45357
22559	17559
30596	25596
36050	31050
43824	38824
45433	40433
49617	44617
11117	6117
15976	10976
36385	31385
48129	43129
20764	15764
10461	5461
36879	31879
32246	27246
54946	49946
15583	10583
34544	29544
