200	837460
39639	34639
50693	45693
39208	34208
34259	29259
31435	26435
33298	28298
49758	44758
33907	28907
16434	11434
19566	14566
15309	10309
24325	19325
7276	2276
31153	26153
44371	39371
8991	3991
21481	16481
42137	37137
15961	10961
32492	27492
30787	25787
44977	39977
30932	25932
14119	9119
43437	38437
8615	3615
35372	30372
53919	48919
23928	18928
21813	16813
54588	49588
13127	8127
10399	5399
22548	17548
23131	18131
36966	31966
23743	18743
15972	10972
37872	32872
15582	10582
24128	19128
38446	33446
21785	16785
43718	38718
20635	15635
54441	49441
8409	3409
32710	27710
29896	24896
40088	35088
49961	44961
49703	44703
28934	23934
49013	44013
30063	25063
45542	40542
5184	184
30486	25486
53496	48496
9795	4795
7129	2129
52365	47365
9877	4877
42378	37378
50690	45690
21236	16236
27467	22467
49781	44781
42050	37050
44338	39338
52925	47925
52288	47288
42797	37797
53587	48587
11135	6135
17112	12112
16583	11583
25598	20598
6604	1604
53587	48587
38509	33509
45669	40669
23217	18217
22615	17615
53977	48977
25625	20625
20778	15778
34945	29945
15081	10081
18303	13303
50902	45902
45821	40821
26144	21144
33372	28372
19368	14368
15508	10508
30827	25827
21272	16272
47792	42792
27004	22004
19289	14289
23133	18133
43696	38696
16187	11187
10171	5171
39684	34684
8488	3488
43657	38657
37159	32159
29515	24515
35518	30518
9122	4122
30233	25233
7081	2081
8595	3595
5660	660
40385	35385
23131	18131
21697	16697
35418	30418
35311	30311
8227	3227
9908	4908
15118	10118
54083	49083
41686	36686
14258	9258
47481	42481
41358	36358
14696	9696
36685	31685
17001	12001
28924	23924
34974	29974
43488	38488
23212	18212
28673	23673
22713	17713
17294	12294
13759	8759
6783	1783
38984	33984
14385	9385
24081	19081
37311	32311
39097	34097
30243	25243
16215	11215
43387	38387
19173	14173
38158	33158
28873	23873
20367	15367
19112	14112
45630	40630
28972	23972
35690	30690
41441	36441
46634	41634
45950	40950
52265	47265
16446	11446
23007	18007
47627	42627
14944	9944
42818	37818
40724	35724
10844	5844
49229	44229
46833	41833
7812	2812
42575	37575
29624	24624
24025	19025
46687	41687
16718	11718
44974	39974
29574	24574
8122	3122
54756	49756
15982	10982
45878	40878
13246	8246
42827	37827
8711	3711
31091	26091
38638	33638
8228	3228
52070	47070
32139	27139
33439	28439
12704	7704
17945	12945
27204	22204
24711	19711
54018	49018
30716	25716
27067	22067
30969	25969
54211	49211
