200	3275044
43352	38352
30937	25937
27233	22233
18371	13371
30305	25305
21649	16649
14243	9243
50888	45888
14011	9011
54845	49845
36586	31586
44634	39634
11236	6236
34253	29253
35632	30632
22936	17936
23761	18761
47054	42054
50630	45630
7940	2940
47595	42595
38747	33747
11572	6572
16047	11047
46789	41789
31106	26106
40325	35325
21587	16587
17817	12817
37229	32229
27242	22242
54059	49059
11331	6331
14502	9502
27419	22419
5314	314
12733	7733
16535	11535
50455	45455
22213	17213
47027	42027
49636	44636
17125	12125
19074	14074
29047	24047
30916	25916
45393	40393
31763	26763
22038	17038
15280	10280
27161	22161
21310	16310
7972	2972
54456	49456
15711	10711
8272	3272
40665	35665
11780	6780
33748	28748
7129	2129
37700	32700
7135	2135
9989	4989
25491	20491
12959	7959
33191	28191
45823	40823
19478	14478
11833	6833
44537	39537
18810	13810
21497	16497
21235	16235
16473	11473
50546	45546
43597	38597
54004	49004
41072	36072
43798	38798
51982	46982
26055	21055
11469	6469
9616	4616
20927	15927
42822	37822
18397	13397
39220	34220
24040	19040
29616	24616
20163	15163
34626	29626
9978	4978
17143	12143
53124	48124
54749	49749
47436	42436
6069	1069
23287	18287
38566	33566
24822	19822
13963	8963
25070	20070
41356	36356
38708	33708
14281	9281
11461	6461
10442	5442
50278	45278
46610	41610
18490	13490
36096	31096
26082	21082
47372	42372
9015	4015
51753	46753
30977	25977
13704	8704
19354	14354
6931	1931
42807	37807
43647	38647
18912	13912
48261	43261
13943	8943
28024	23024
53126	48126
54577	49577
40939	35939
6784	1784
9183	4183
47452	42452
36218	31218
5377	377
29541	24541
32484	27484
35518	30518
30906	25906
34849	29849
49656	44656
17509	12509
40594	35594
22390	17390
45098	40098
22477	17477
33892	28892
32249	27249
12439	7439
29367	24367
17867	12867
32065	27065
18321	13321
13072	8072
12263	7263
19983	14983
36495	31495
23018	18018
51252	46252
9125	4125
50420	45420
33010	28010
43237	38237
27898	22898
45009	40009
20989	15989
52463	47463
25682	20682
28670	23670
49681	44681
12502	7502
12699	7699
42164	37164
8456	3456
6722	1722
10558	5558
42400	37400
31086	26086
30851	25851
8068	3068
7723	2723
53960	48960
35812	30812
53149	48149
38985	33985
40764	35764
41776	36776
52430	47430
54571	49571
49235	44235
47126	42126
7999	2999
9025	4025
54877	49877
38790	33790
17618	12618
53514	48514
45979	40979
46302	41302
16086	11086
22833	17833
7934	2934
