200	4049965
23777	18777
21388	16388
23629	18629
6459	1459
37840	32840
42205	37205
44408	39408
19907	14907
12152	7152
8431	3431
16539	11539
7394	2394
23671	18671
42242	37242
12924	7924
33149	28149
52434	47434
9210	4210
5367	367
49410	44410
13340	8340
24624	19624
15674	10674
41025	36025
15812	10812
51289	46289
10431	5431
7574	2574
41204	36204
31549	26549
6479	1479
6295	1295
5790	790
10805	5805
35378	30378
39999	34999
36744	31744
20475	15475
8975	3975
44275	39275
19823	14823
54478	49478
17741	12741
29885	24885
51632	46632
28895	23895
41729	36729
49425	44425
26012	21012
46227	41227
46445	41445
26975	21975
7443	2443
41971	36971
22987	17987
44777	39777
34435	29435
39610	34610
42308	37308
51605	46605
24347	19347
51781	46781
38249	33249
50791	45791
27940	22940
9019	4019
25378	20378
36599	31599
5675	675
30994	25994
31323	26323
40447	35447
6453	1453
35154	30154
18999	13999
47400	42400
23961	18961
24363	19363
5827	827
6281	1281
26853	21853
35527	30527
21534	16534
35449	30449
41932	36932
21203	16203
20315	15315
34145	29145
41672	36672
51080	46080
12542	7542
52507	47507
47449	42449
36991	31991
51601	46601
49000	44000
7369	2369
11160	6160
51885	46885
29784	24784
49343	44343
38692	33692
20186	15186
19878	14878
7355	2355
49245	44245
40902	35902
38391	33391
9426	4426
13524	8524
44372	39372
53449	48449
33612	28612
48111	43111
21952	16952
20458	15458
50516	45516
38418	33418
35309	30309
15329	10329
5345	345
24543	19543
23146	18146
25163	20163
33300	28300
37445	32445
38406	33406
13638	8638
23422	18422
18693	13693
48158	43158
23697	18697
51603	46603
37708	32708
5270	270
25698	20698
54103	49103
42191	37191
40283	35283
17687	12687
31939	26939
5442	442
48202	43202
27499	22499
10634	5634
9073	4073
40925	35925
35352	30352
9841	4841
23714	18714
5805	805
35193	30193
11493	6493
43484	38484
11296	6296
37441	32441
13241	8241
41611	36611
13980	8980
48836	43836
10668	5668
43986	38986
41832	36832
43455	38455
14146	9146
33467	28467
9900	4900
17518	12518
27380	22380
44091	39091
10698	5698
41389	36389
43790	38790
49755	44755
32714	27714
51908	46908
47020	42020
19470	14470
17778	12778
28240	23240
22175	17175
48460	43460
22619	17619
39693	34693
14429	9429
20161	15161
21216	16216
7827	2827
50318	45318
44976	39976
8543	3543
12638	7638
31135	26135
31726	26726
35314	30314
38374	33374
43022	38022
36456	31456
39265	34265
13784	8784
