200	798868
24842	19842
28035	23035
28928	23928
49807	44807
32165	27165
43724	38724
6338	1338
41636	36636
29295	24295
15385	10385
16141	11141
42922	37922
17019	12019
7771	2771
30756	25756
9960	4960
23870	18870
13471	8471
39554	34554
19918	14918
15519	10519
46318	41318
8268	3268
13001	8001
32382	27382
20511	15511
7914	2914
29021	24021
41640	36640
12486	7486
45587	40587
42631	37631
26180	21180
5973	973
19086	14086
12583	7583
32501	27501
11825	6825
16899	11899
53395	48395
52676	47676
30641	25641
54201	49201
48369	43369
39609	34609
10198	5198
15044	10044
21660	16660
50432	45432
5504	504
29375	24375
37538	32538
12569	7569
45506	40506
47329	42329
15125	10125
48607	43607
8726	3726
30871	25871
40335	35335
40677	35677
8559	3559
12603	7603
52356	47356
39501	34501
52768	47768
6854	1854
28300	23300
8354	3354
50060	45060
26905	21905
51053	46053
15519	10519
40201	35201
23258	18258
51455	46455
42191	37191
50704	45704
51848	46848
15917	10917
21032	16032
26826	21826
20571	15571
31549	26549
32389	27389
46953	41953
8096	3096
49523	44523
19181	14181
35640	30640
45231	40231
39411	34411
34230	29230
29257	24257
10681	5681
14621	9621
8678	3678
43587	38587
17422	12422
45777	40777
46316	41316
26767	21767
43569	38569
27745	22745
11784	6784
11075	6075
27069	22069
52060	47060
29890	24890
49682	44682
6131	1131
34031	29031
14667	9667
53787	48787
31237	26237
23788	18788
10858	5858
29167	24167
32981	27981
12724	7724
13927	8927
36936	31936
19174	14174
41158	36158
20359	15359
29821	24821
32565	27565
7291	2291
9260	4260
44042	39042
24608	19608
16423	11423
16337	11337
20015	15015
53800	48800
45990	40990
41627	36627
35585	30585
9386	4386
52241	47241
17322	12322
33457	28457
16273	11273
20296	15296
22114	17114
16398	11398
30434	25434
54511	49511
29064	24064
30371	25371
11995	6995
15059	10059
30161	25161
43306	38306
7987	2987
30606	25606
33249	28249
42519	37519
20620	15620
36321	31321
34923	29923
16221	11221
53699	48699
5585	585
16396	11396
35876	30876
7724	2724
43473	38473
53014	48014
36711	31711
13865	8865
46316	41316
7230	2230
51494	46494
8172	3172
37711	32711
32666	27666
26822	21822
40339	35339
49244	44244
23009	18009
23224	18224
39300	34300
30671	25671
23848	18848
29920	24920
6735	1735
13606	8606
16736	11736
24141	19141
23978	18978
22833	17833
54231	49231
52383	47383
48121	43121
28468	23468
46276	41276
6682	1682
47600	42600
16722	11722
