200	2623049
28638	23638
54303	49303
41967	36967
54458	49458
54385	49385
40696	35696
7106	2106
27722	22722
16993	11993
31224	26224
33580	28580
27547	22547
26437	21437
15414	10414
40900	35900
14247	9247
44931	39931
42498	37498
28443	23443
12344	7344
49495	44495
19313	14313
15307	10307
36289	31289
42219	37219
34548	29548
32819	27819
29767	24767
46462	41462
49101	44101
23616	18616
7536	2536
48605	43605
42671	37671
37672	32672
11069	6069
48003	43003
17654	12654
10885	5885
24198	19198
49542	44542
48864	43864
9213	4213
9839	4839
40698	35698
12983	7983
9374	4374
35681	30681
26283	21283
53402	48402
29339	24339
20771	15771
44899	39899
43964	38964
53915	48915
53964	48964
39508	34508
30826	25826
7389	2389
43510	38510
45579	40579
21528	16528
39415	34415
52060	47060
50142	45142
27096	22096
19287	14287
17521	12521
32802	27802
48855	43855
38508	33508
18129	13129
29045	24045
47767	42767
16520	11520
31915	26915
8193	3193
32120	27120
41862	36862
13862	8862
21808	16808
38742	33742
50050	45050
20837	15837
41205	36205
15474	10474
35115	30115
41698	36698
54241	49241
33278	28278
24688	19688
19686	14686
44112	39112
36919	31919
53339	48339
33835	28835
51704	46704
8619	3619
5240	240
22639	17639
19724	14724
45213	40213
11064	6064
44430	39430
15039	10039
36180	31180
26376	21376
28558	23558
27734	22734
51996	46996
15847	10847
35887	30887
45157	40157
30626	25626
32607	27607
11861	6861
9734	4734
37200	32200
25045	20045
7127	2127
23384	18384
7782	2782
44216	39216
43144	38144
36748	31748
29973	24973
37598	32598
18415	13415
33805	28805
28536	23536
29582	24582
30360	25360
47084	42084
15768	10768
38047	33047
42323	37323
52384	47384
9757	4757
13327	8327
38210	33210
52099	47099
17090	12090
38374	33374
9486	4486
53700	48700
48108	43108
19207	14207
16153	11153
13702	8702
41717	36717
7833	2833
15688	10688
38205	33205
54359	49359
24687	19687
7406	2406
18375	13375
35974	30974
35928	30928
52249	47249
40605	35605
6184	1184
36926	31926
23724	18724
33030	28030
35000	30000
9797	4797
28768	23768
38810	33810
17969	12969
39859	34859
54257	49257
35858	30858
30559	25559
54124	49124
18441	13441
44132	39132
17318	12318
20981	15981
35962	30962
6418	1418
26198	21198
43292	38292
43585	38585
38009	33009
18474	13474
36898	31898
47380	42380
32375	27375
48767	43767
45357	40357
39251	34251
53734	48734
25747	20747
18193	13193
30290	25290
12960	7960
10910	5910
26438	21438
20869	15869
