200	816340
42251	37251
52527	47527
54946	49946
16450	11450
54723	49723
34875	29875
45771	40771
22771	17771
35434	30434
16161	11161
13420	8420
20291	15291
23124	18124
26801	21801
15825	10825
6098	1098
15922	10922
53082	48082
20256	15256
39651	34651
28832	23832
20998	15998
23049	18049
49803	44803
7265	2265
48699	43699
51559	46559
40074	35074
19035	14035
18004	13004
24590	19590
24360	19360
51213	46213
52566	47566
5848	848
19356	14356
39291	34291
30300	25300
47051	42051
33986	28986
48972	43972
21320	16320
37575	32575
31144	26144
21013	16013
28706	23706
13113	8113
8957	3957
29629	24629
21416	16416
16101	11101
24768	19768
16756	11756
15965	10965
30475	25475
39046	34046
5815	815
50908	45908
24683	19683
9431	4431
6701	1701
32136	27136
29356	24356
20028	15028
28387	23387
35241	30241
6447	1447
8174	3174
18134	13134
8799	3799
20076	15076
16440	11440
8392	3392
41257	36257
28182	23182
29302	24302
5710	710
17289	12289
41064	36064
54966	49966
10809	5809
10647	5647
43260	38260
11488	6488
44524	39524
20282	15282
17600	12600
19800	14800
20814	15814
39406	34406
29379	24379
11205	6205
50014	45014
48603	43603
27657	22657
16401	11401
20751	15751
50513	45513
54236	49236
12413	7413
35902	30902
33717	28717
31697	26697
52560	47560
22666	17666
5304	304
18526	13526
52453	47453
26994	21994
32808	27808
45548	40548
38409	33409
23556	18556
32764	27764
47805	42805
30367	25367
48910	43910
51295	46295
39205	34205
5463	463
27522	22522
44315	39315
19300	14300
30471	25471
54929	49929
33325	28325
48628	43628
32317	27317
24286	19286
30856	25856
45881	40881
22481	17481
15305	10305
38579	33579
52491	47491
8078	3078
53810	48810
31747	26747
50830	45830
41921	36921
41650	36650
21143	16143
32739	27739
16447	11447
54877	49877
53585	48585
17261	12261
27502	22502
18981	13981
32665	27665
5650	650
18211	13211
37444	32444
53073	48073
38369	33369
33990	28990
29002	24002
52425	47425
43869	38869
12169	7169
54043	49043
42817	37817
36652	31652
28696	23696
15487	10487
32328	27328
12754	7754
40033	35033
36264	31264
17425	12425
42792	37792
35874	30874
46955	41955
18249	13249
16577	11577
41200	36200
22790	17790
8006	3006
20919	15919
47118	42118
10671	5671
31844	26844
7241	2241
22430	17430
27634	22634
14086	9086
8979	3979
18233	13233
54973	49973
48006	43006
8366	3366
23247	18247
54217	49217
8084	3084
37781	32781
19275	14275
21884	16884
15232	10232
51724	46724
15149	10149
