200	4261516
21600	16600
5575	575
11433	6433
39133	34133
32380	27380
16717	11717
22981	17981
52964	47964
49686	44686
45974	40974
45044	40044
22708	17708
53539	48539
20459	15459
39319	34319
30178	25178
17404	12404
45210	40210
29261	24261
11237	6237
21685	16685
30292	25292
5782	782
25293	20293
6937	1937
43860	38860
23632	18632
53096	48096
19615	14615
49150	44150
51570	46570
20112	15112
21644	16644
53416	48416
43079	38079
35863	30863
40878	35878
9231	4231
28625	23625
14356	9356
22353	17353
25677	20677
11985	6985
43783	38783
36597	31597
42156	37156
53685	48685
34943	29943
44953	39953
52270	47270
36869	31869
35787	30787
17069	12069
19668	14668
17654	12654
31275	26275
13482	8482
8370	3370
47586	42586
21111	16111
41694	36694
38808	33808
27958	22958
42753	37753
48036	43036
22918	17918
29924	24924
6231	1231
33276	28276
21507	16507
6959	1959
22401	17401
42589	37589
44494	39494
23062	18062
31297	26297
41300	36300
31125	26125
40020	35020
9387	4387
24157	19157
8118	3118
6050	1050
37090	32090
37111	32111
9181	4181
25956	20956
13349	8349
5305	305
7884	2884
35145	30145
39305	34305
53896	48896
36615	31615
36120	31120
46792	41792
28074	23074
15439	10439
23323	18323
18596	13596
12162	7162
12736	7736
35536	30536
25333	20333
5587	587
40688	35688
51417	46417
39593	34593
44064	39064
53243	48243
22937	17937
5414	414
47773	42773
27606	22606
50654	45654
32649	27649
45379	40379
51847	46847
13515	8515
42931	37931
10318	5318
25370	20370
27403	22403
28325	23325
18421	13421
43686	38686
53541	48541
20682	15682
23425	18425
11870	6870
38608	33608
5600	600
15305	10305
36936	31936
8504	3504
34286	29286
39904	34904
46157	41157
6827	1827
53466	48466
6259	1259
41443	36443
22357	17357
45061	40061
37703	32703
54346	49346
38274	33274
15285	10285
35106	30106
43305	38305
15333	10333
21148	16148
15303	10303
48513	43513
44396	39396
46802	41802
49030	44030
39523	34523
35199	30199
10315	5315
21597	16597
8214	3214
20283	15283
54359	49359
37922	32922
49397	44397
5651	651
29014	24014
47129	42129
36844	31844
10002	5002
42235	37235
53946	48946
40483	35483
5537	537
25687	20687
27746	22746
24799	19799
21440	16440
50016	45016
50229	45229
46341	41341
13894	8894
24705	19705
30439	25439
37857	32857
9353	4353
50193	45193
45692	40692
17751	12751
46735	41735
50972	45972
53640	48640
7525	2525
10046	5046
46796	41796
28246	23246
30524	25524
31323	26323
53423	48423
