200	3418008
16907	11907
35080	30080
9863	4863
54958	49958
23982	18982
53417	48417
49786	44786
22480	17480
20291	15291
20082	15082
33257	28257
44637	39637
33696	28696
40686	35686
31666	26666
9758	4758
22819	17819
44114	39114
51516	46516
53697	48697
40212	35212
51928	46928
31164	26164
21791	16791
19438	14438
30766	25766
32738	27738
24310	19310
36105	31105
49616	44616
43204	38204
20631	15631
49029	44029
11419	6419
10803	5803
36536	31536
5963	963
46847	41847
51766	46766
23644	18644
52235	47235
37560	32560
35853	30853
26991	21991
37759	32759
44906	39906
12862	7862
9461	4461
27329	22329
15033	10033
37846	32846
26806	21806
34804	29804
23841	18841
43942	38942
19273	14273
35147	30147
11505	6505
18937	13937
19847	14847
51313	46313
18539	13539
26523	21523
47036	42036
30858	25858
7348	2348
41360	36360
37952	32952
41793	36793
29566	24566
8767	3767
50464	45464
38840	33840
43196	38196
24533	19533
26848	21848
37234	32234
31015	26015
22168	17168
17444	12444
16812	11812
28637	23637
13646	8646
20835	15835
44850	39850
31410	26410
25138	20138
34796	29796
35161	30161
16151	11151
31773	26773
50669	45669
15008	10008
47439	42439
41686	36686
28960	23960
36583	31583
14716	9716
18142	13142
18952	13952
28661	23661
52549	47549
32661	27661
7478	2478
21086	16086
15053	10053
51260	46260
39932	34932
46780	41780
38087	33087
36388	31388
43802	38802
23808	18808
10117	5117
30561	25561
53141	48141
26002	21002
23113	18113
51579	46579
35122	30122
23821	18821
24019	19019
54781	49781
13726	8726
22719	17719
26412	21412
14420	9420
11844	6844
48825	43825
10856	5856
52912	47912
6276	1276
38680	33680
27326	22326
10885	5885
45820	40820
16864	11864
29906	24906
22665	17665
29660	24660
9330	4330
43860	38860
6708	1708
16189	11189
47008	42008
38399	33399
24954	19954
30135	25135
51495	46495
18749	13749
7616	2616
34760	29760
43867	38867
53618	48618
15915	10915
10096	5096
50637	45637
11393	6393
39320	34320
38380	33380
34540	29540
51512	46512
26746	21746
30209	25209
31897	26897
30845	25845
27478	22478
27392	22392
36881	31881
25550	20550
7930	2930
33311	28311
44030	39030
42674	37674
49197	44197
18511	13511
13664	8664
12647	7647
51550	46550
14754	9754
15438	10438
7714	2714
38321	33321
46924	41924
24335	19335
18514	13514
25445	20445
53072	48072
44953	39953
54263	49263
16248	11248
42234	37234
29046	24046
17136	12136
23446	18446
30971	25971
39566	34566
52962	47962
31182	26182
25198	20198
