200	1790202
15887	10887
16168	11168
43251	38251
22669	17669
19975	14975
38408	33408
39149	34149
13193	8193
33626	28626
11830	6830
19791	14791
6369	1369
10989	5989
10242	5242
35858	30858
30193	25193
31091	26091
29536	24536
36478	31478
52614	47614
53512	48512
41317	36317
13228	8228
38655	33655
45889	40889
11985	6985
49841	44841
15392	10392
21035	16035
6547	1547
39914	34914
38065	33065
29641	24641
50170	45170
32804	27804
51607	46607
42240	37240
14363	9363
5525	525
29234	24234
10210	5210
31118	26118
50024	45024
29910	24910
44463	39463
31787	26787
49434	44434
38459	33459
44249	39249
19973	14973
40472	35472
6204	1204
9163	4163
5417	417
38809	33809
42711	37711
32828	27828
14343	9343
30734	25734
53831	48831
40776	35776
9821	4821
7651	2651
40523	35523
48387	43387
22200	17200
46683	41683
14398	9398
20268	15268
45412	40412
19145	14145
33126	28126
14693	9693
47393	42393
23213	18213
51575	46575
43456	38456
23103	18103
32677	27677
45869	40869
54108	49108
36498	31498
7628	2628
50621	45621
19875	14875
32804	27804
36036	31036
29218	24218
49682	44682
43137	38137
53491	48491
37817	32817
10240	5240
33439	28439
20325	15325
48890	43890
5599	599
8736	3736
34906	29906
38807	33807
5797	797
43476	38476
51757	46757
21203	16203
31734	26734
13712	8712
40354	35354
46800	41800
19243	14243
44979	39979
45830	40830
27789	22789
39433	34433
50018	45018
30018	25018
6207	1207
8606	3606
16603	11603
48215	43215
46761	41761
27918	22918
51988	46988
40807	35807
14192	9192
17927	12927
25159	20159
28746	23746
53347	48347
7797	2797
22866	17866
53224	48224
44377	39377
35228	30228
36537	31537
23801	18801
23920	18920
23553	18553
19216	14216
43160	38160
27638	22638
6661	1661
30854	25854
49961	44961
46162	41162
18314	13314
9979	4979
16757	11757
51431	46431
35329	30329
17861	12861
52910	47910
35551	30551
52624	47624
18460	13460
33396	28396
33527	28527
40762	35762
49228	44228
11415	6415
23622	18622
40643	35643
23021	18021
5815	815
13847	8847
48347	43347
46808	41808
52767	47767
21585	16585
53267	48267
29919	24919
32382	27382
38727	33727
35832	30832
19707	14707
37482	32482
44305	39305
29294	24294
45589	40589
29957	24957
46039	41039
40748	35748
50945	45945
53261	48261
47422	42422
20138	15138
37978	32978
20939	15939
15189	10189
42744	37744
43666	38666
29093	24093
24727	19727
43234	38234
45139	40139
9719	4719
50719	45719
36820	31820
48943	43943
20623	15623
43841	38841
