200	3216668
40190	35190
11988	6988
5013	13
10584	5584
29864	24864
21150	16150
53789	48789
18310	13310
14709	9709
38724	33724
45371	40371
8417	3417
29884	24884
6236	1236
47132	42132
51685	46685
42619	37619
18801	13801
28968	23968
49133	44133
48226	43226
45117	40117
12659	7659
30301	25301
17060	12060
13887	8887
15765	10765
5444	444
44085	39085
45384	40384
46820	41820
52771	47771
6458	1458
7393	2393
11603	6603
54413	49413
22645	17645
16058	11058
47545	42545
14710	9710
24808	19808
46128	41128
16825	11825
15236	10236
38304	33304
8499	3499
7509	2509
52026	47026
34077	29077
34115	29115
23589	18589
44639	39639
39999	34999
45431	40431
34716	29716
54155	49155
38391	33391
42279	37279
39905	34905
7525	2525
46577	41577
46264	41264
30547	25547
45781	40781
50627	45627
34509	29509
36836	31836
54735	49735
20528	15528
53926	48926
19969	14969
53057	48057
31901	26901
49702	44702
22721	17721
9619	4619
9320	4320
6107	1107
44894	39894
20384	15384
14035	9035
54399	49399
24303	19303
10869	5869
6110	1110
35554	30554
47552	42552
21769	16769
9893	4893
11154	6154
8088	3088
45457	40457
38567	33567
5832	832
10588	5588
7851	2851
39834	34834
11099	6099
41927	36927
44464	39464
10190	5190
30740	25740
41996	36996
49328	44328
27450	22450
14343	9343
29655	24655
29832	24832
44254	39254
52382	47382
7877	2877
27674	22674
7845	2845
16254	11254
40712	35712
21216	16216
19092	14092
26926	21926
33818	28818
8479	3479
24954	19954
44528	39528
50736	45736
16518	11518
47086	42086
46626	41626
24307	19307
10967	5967
51802	46802
33496	28496
32770	27770
19078	14078
12787	7787
40045	35045
17348	12348
52553	47553
38172	33172
20554	15554
6810	1810
15489	10489
14529	9529
36998	31998
29922	24922
38458	33458
9411	4411
26104	21104
20660	15660
8958	3958
17917	12917
19170	14170
24806	19806
24522	19522
23702	18702
30566	25566
48785	43785
36858	31858
42655	37655
26277	21277
40061	35061
17870	12870
28961	23961
45841	40841
37770	32770
50932	45932
41003	36003
25250	20250
45755	40755
13770	8770
52764	47764
41191	36191
25011	20011
8727	3727
43701	38701
16773	11773
21472	16472
28934	23934
7804	2804
13929	8929
12405	7405
15360	10360
12958	7958
25109	20109
24711	19711
44637	39637
35873	30873
19235	14235
48915	43915
47611	42611
51078	46078
25496	20496
38010	33010
34117	29117
9498	4498
20678	15678
14132	9132
34644	29644
40527	35527
44698	39698
10176	5176
24212	19212
