200	3299146
52974	47974
53892	48892
42621	37621
12468	7468
27434	22434
38397	33397
8979	3979
21022	16022
11856	6856
34794	29794
39136	34136
7748	2748
28864	23864
18715	13715
26602	21602
48494	43494
12377	7377
33646	28646
45277	40277
39304	34304
12693	7693
16945	11945
23330	18330
34163	29163
5676	676
15792	10792
25292	20292
37560	32560
15243	10243
33006	28006
40337	35337
36999	31999
9704	4704
35631	30631
35349	30349
48026	43026
28345	23345
5871	871
35994	30994
50640	45640
23719	18719
42736	37736
39327	34327
7940	2940
31943	26943
29212	24212
51165	46165
33573	28573
50698	45698
35637	30637
20122	15122
29979	24979
19034	14034
48751	43751
27561	22561
46037	41037
14409	9409
34834	29834
22059	17059
53994	48994
6378	1378
24981	19981
44723	39723
44254	39254
11443	6443
21591	16591
27153	22153
37098	32098
54749	49749
13631	8631
53123	48123
34305	29305
38034	33034
38652	33652
17341	12341
26218	21218
50796	45796
32735	27735
7212	2212
46219	41219
42710	37710
54690	49690
36706	31706
37884	32884
7489	2489
40215	35215
20312	15312
11783	6783
36709	31709
17589	12589
7560	2560
41251	36251
29638	24638
48179	43179
38367	33367
23852	18852
49126	44126
30033	25033
37630	32630
15483	10483
52880	47880
53313	48313
12088	7088
16739	11739
6324	1324
5910	910
13712	8712
35357	30357
24196	19196
31497	26497
38189	33189
27257	22257
43528	38528
27041	22041
44482	39482
9755	4755
31073	26073
16326	11326
53590	48590
5920	920
13496	8496
23197	18197
10749	5749
29486	24486
39482	34482
24483	19483
36448	31448
6174	1174
39453	34453
8283	3283
8034	3034
37221	32221
22723	17723
16254	11254
8890	3890
8137	3137
5564	564
41499	36499
27696	22696
54294	49294
33701	28701
17317	12317
31201	26201
51739	46739
17273	12273
22923	17923
23762	18762
42282	37282
6331	1331
11497	6497
36303	31303
45023	40023
24713	19713
32078	27078
31983	26983
14830	9830
51375	46375
40693	35693
34867	29867
23783	18783
52703	47703
21157	16157
7624	2624
24335	19335
49929	44929
10450	5450
19577	14577
29611	24611
51220	46220
44612	39612
43965	38965
18323	13323
26408	21408
29215	24215
10490	5490
45674	40674
35399	30399
16008	11008
29906	24906
6317	1317
5588	588
37097	32097
31512	26512
41093	36093
35133	30133
41653	36653
28937	23937
20431	15431
53240	48240
43829	38829
48943	43943
43306	38306
39793	34793
49206	44206
42141	37141
12731	7731
21781	16781
19281	14281
30337	25337
53582	48582
