200	3510706
41699	36699
14792	9792
23870	18870
18974	13974
38708	33708
26661	21661
31871	26871
44083	39083
36692	31692
11582	6582
5585	585
53736	48736
27957	22957
50094	45094
36645	31645
29445	24445
47374	42374
7201	2201
6176	1176
36710	31710
5078	78
32673	27673
27716	22716
42882	37882
8878	3878
29533	24533
18553	13553
22764	17764
52626	47626
49196	44196
23947	18947
53033	48033
34731	29731
29976	24976
47391	42391
49723	44723
31122	26122
34778	29778
49392	44392
34597	29597
54278	49278
34637	29637
15008	10008
50066	45066
29624	24624
53972	48972
31816	26816
33382	28382
13865	8865
52880	47880
47248	42248
12093	7093
19195	14195
34013	29013
14798	9798
12950	7950
19336	14336
30881	25881
23848	18848
30761	25761
44485	39485
21233	16233
53731	48731
33504	28504
22074	17074
41914	36914
19272	14272
28747	23747
5219	219
40686	35686
54844	49844
11084	6084
32732	27732
47302	42302
37420	32420
50532	45532
23864	18864
46266	41266
29050	24050
43131	38131
13299	8299
36930	31930
41620	36620
26467	21467
53014	48014
37807	32807
36386	31386
6467	1467
40282	35282
22387	17387
20714	15714
43131	38131
16843	11843
48521	43521
28285	23285
35116	30116
9867	4867
22585	17585
49055	44055
38922	33922
24595	19595
50232	45232
12476	7476
37371	32371
43524	38524
12415	7415
23898	18898
45002	40002
10973	5973
10855	5855
21335	16335
40850	35850
40594	35594
46190	41190
5782	782
21231	16231
54371	49371
15210	10210
38821	33821
16908	11908
42244	37244
44265	39265
35897	30897
19331	14331
49342	44342
22771	17771
50063	45063
14487	9487
54312	49312
22578	17578
6412	1412
39317	34317
8703	3703
8287	3287
21160	16160
21801	16801
27653	22653
48645	43645
24712	19712
32906	27906
9859	4859
12984	7984
25808	20808
47812	42812
38033	33033
18416	13416
13396	8396
49959	44959
33317	28317
52777	47777
25465	20465
6982	1982
19014	14014
40814	35814
33038	28038
41286	36286
44518	39518
33064	28064
33529	28529
6065	1065
42561	37561
42041	37041
14593	9593
21750	16750
12305	7305
25899	20899
48041	43041
8179	3179
34873	29873
7862	2862
46990	41990
38708	33708
54424	49424
51156	46156
16437	11437
52513	47513
32178	27178
18935	13935
37530	32530
24047	19047
45416	40416
49753	44753
26949	21949
14909	9909
36699	31699
46542	41542
46240	41240
42520	37520
21655	16655
50054	45054
12569	7569
48703	43703
27681	22681
35121	30121
12525	7525
40257	35257
18242	13242
14469	9469
41957	36957
51239	46239
