200	4216613
13770	8770
22964	17964
43125	38125
11669	6669
28526	23526
18124	13124
9643	4643
9037	4037
44247	39247
18037	13037
46215	41215
17907	12907
44839	39839
37635	32635
35402	30402
51177	46177
54353	49353
16702	11702
37364	32364
27567	22567
9130	4130
21009	16009
34907	29907
47249	42249
33129	28129
38726	33726
29987	24987
32922	27922
14386	9386
51386	46386
29374	24374
33986	28986
42743	37743
44798	39798
13693	8693
49524	44524
30789	25789
53284	48284
16075	11075
20736	15736
54795	49795
43830	38830
39806	34806
14227	9227
19200	14200
51628	46628
18539	13539
48180	43180
5130	130
48939	43939
5161	161
40583	35583
33173	28173
46764	41764
36353	31353
45651	40651
44062	39062
28599	23599
24541	19541
28319	23319
31150	26150
41933	36933
53945	48945
48836	43836
42481	37481
13060	8060
37685	32685
26941	21941
12758	7758
30067	25067
10218	5218
22770	17770
35678	30678
23351	18351
46182	41182
47780	42780
20640	15640
38318	33318
20949	15949
33751	28751
29962	24962
34215	29215
27327	22327
45567	40567
15981	10981
18978	13978
43160	38160
10287	5287
32066	27066
17916	12916
9256	4256
37730	32730
6423	1423
26336	21336
24690	19690
24235	19235
16659	11659
51636	46636
48527	43527
22133	17133
49937	44937
21147	16147
23341	18341
25406	20406
35896	30896
54898	49898
23200	18200
7098	2098
15176	10176
9400	4400
24813	19813
37986	32986
37982	32982
42722	37722
53374	48374
38627	33627
15582	10582
7246	2246
13847	8847
24056	19056
22488	17488
32463	27463
29620	24620
7581	2581
37365	32365
11359	6359
52911	47911
24469	19469
33868	28868
18398	13398
29735	24735
6895	1895
46979	41979
6731	1731
37095	32095
8308	3308
35273	30273
36619	31619
9153	4153
14840	9840
37302	32302
6618	1618
50055	45055
30428	25428
39557	34557
28862	23862
46136	41136
24377	19377
9585	4585
24788	19788
21703	16703
49404	44404
53248	48248
27853	22853
39125	34125
35006	30006
30146	25146
44943	39943
10870	5870
26622	21622
37360	32360
18219	13219
32983	27983
53901	48901
42452	37452
39365	34365
13894	8894
53016	48016
47299	42299
48057	43057
37789	32789
46403	41403
12474	7474
54010	49010
51444	46444
17839	12839
5192	192
31125	26125
6183	1183
8883	3883
9767	4767
32968	27968
49617	44617
38136	33136
32276	27276
8527	3527
35882	30882
16945	11945
38816	33816
15323	10323
33152	28152
18054	13054
38155	33155
39940	34940
27566	22566
10149	5149
33546	28546
33216	28216
47197	42197
47111	42111
