200	1600319
41624	41624
37574	37574
71122	71122
18374	18374
45522	45522
56940	56940
14932	14932
9422	9422
49698	49698
58020	58020
1570	1570
7262	7262
75966	75966
64586	64586
37694	37694
29216	29216
57128	57128
69510	69510
76826	76826
83854	83854
4314	4314
31552	31552
806	806
37754	37754
2380	2380
86316	86316
57626	57626
86880	86880
8410	8410
89488	89488
1084	1084
40202	40202
28860	28860
58378	58378
98362	98362
11370	11370
98818	98818
36346	36346
98920	98920
70038	70038
19832	19832
55402	55402
54812	54812
20542	20542
58036	58036
65438	65438
23810	23810
52750	52750
894	894
40948	40948
18648	18648
53746	53746
68378	68378
49692	49692
47034	47034
85424	85424
71604	71604
96826	96826
25320	25320
5094	5094
96896	96896
21508	21508
75356	75356
17214	17214
83720	83720
69372	69372
85234	85234
72562	72562
11354	11354
50006	50006
26614	26614
51842	51842
13602	13602
12398	12398
66784	66784
55588	55588
38844	38844
79700	79700
47220	47220
57174	57174
59418	59418
14	14
7490	7490
24352	24352
82288	82288
64396	64396
56942	56942
86266	86266
89522	89522
27762	27762
24532	24532
9790	9790
64566	64566
75886	75886
15238	15238
17668	17668
6054	6054
11158	11158
18188	18188
99254	99254
4828	4828
12568	12568
41976	41976
55440	55440
49104	49104
76548	76548
27138	27138
47816	47816
33396	33396
52900	52900
89218	89218
17986	17986
52580	52580
19836	19836
93728	93728
71182	71182
5508	5508
85144	85144
73210	73210
66072	66072
33468	33468
32528	32528
64914	64914
72534	72534
49470	49470
69560	69560
43608	43608
11696	11696
13400	13400
88714	88714
83900	83900
72398	72398
93432	93432
19478	19478
43798	43798
50698	50698
36898	36898
1412	1412
39972	39972
42978	42978
12676	12676
23886	23886
78328	78328
70432	70432
25000	25000
92104	92104
87512	87512
55562	55562
56932	56932
12256	12256
18052	18052
5366	5366
50288	50288
3446	3446
19428	19428
41872	41872
1530	1530
72362	72362
99262	99262
18576	18576
88690	88690
4964	4964
21502	21502
90008	90008
54472	54472
67968	67968
55218	55218
45486	45486
7052	7052
61728	61728
15552	15552
19414	19414
81624	81624
61462	61462
30064	30064
27186	27186
27776	27776
96844	96844
29844	29844
11670	11670
85366	85366
41746	41746
80488	80488
15928	15928
90772	90772
59302	59302
58000	58000
69320	69320
36376	36376
76104	76104
89784	89784
65702	65702
75000	75000
42708	42708
71354	71354
81062	81062
79350	79350
46466	46466
99314	99314
10594	10594
