200	1559597
13880	13880
18510	18510
24736	24736
65654	65654
86902	86902
25708	25708
19518	19518
16806	16806
38588	38588
4560	4560
12802	12802
19140	19140
44184	44184
18596	18596
74472	74472
17972	17972
26442	26442
45896	45896
97706	97706
20978	20978
3692	3692
3592	3592
7092	7092
30958	30958
33276	33276
11234	11234
1764	1764
62746	62746
8282	8282
69244	69244
86738	86738
79742	79742
49498	49498
5690	5690
316	316
16320	16320
60068	60068
81284	81284
2470	2470
20478	20478
38742	38742
61582	61582
12076	12076
75664	75664
57278	57278
67554	67554
8636	8636
66000	66000
77282	77282
35138	35138
7532	7532
59012	59012
80822	80822
91104	91104
60556	60556
17380	17380
64134	64134
91518	91518
48766	48766
31534	31534
65996	65996
54748	54748
38844	38844
61216	61216
90522	90522
97212	97212
65236	65236
52522	52522
97024	97024
24980	24980
87874	87874
93336	93336
45324	45324
92708	92708
41010	41010
30134	30134
14752	14752
60274	60274
43888	43888
6406	6406
78682	78682
13442	13442
68466	68466
18732	18732
5582	5582
64288	64288
95726	95726
23656	23656
13438	13438
93600	93600
66890	66890
91548	91548
86422	86422
30622	30622
47016	47016
1580	1580
10620	10620
30068	30068
9866	9866
35050	35050
95274	95274
29358	29358
86212	86212
93956	93956
77136	77136
64400	64400
37572	37572
40272	40272
4178	4178
86850	86850
2142	2142
24610	24610
27870	27870
60370	60370
69542	69542
27658	27658
99038	99038
98504	98504
34184	34184
11550	11550
14148	14148
39100	39100
59634	59634
43766	43766
34586	34586
64186	64186
57168	57168
84954	84954
81320	81320
37996	37996
55990	55990
73640	73640
13464	13464
8554	8554
77254	77254
45536	45536
12878	12878
79690	79690
31964	31964
84658	84658
37808	37808
69278	69278
75562	75562
37594	37594
73368	73368
63198	63198
30142	30142
89260	89260
69598	69598
19992	19992
20556	20556
87356	87356
21822	21822
39232	39232
40338	40338
92306	92306
6750	6750
69630	69630
4184	4184
12644	12644
93824	93824
36056	36056
78016	78016
82294	82294
9740	9740
37470	37470
15968	15968
2148	2148
11238	11238
24438	24438
94238	94238
42864	42864
39286	39286
97060	97060
40582	40582
8260	8260
97052	97052
59010	59010
11494	11494
14882	14882
56726	56726
87636	87636
33764	33764
34832	34832
46552	46552
87782	87782
89230	89230
39326	39326
90414	90414
10464	10464
57680	57680
15592	15592
2718	2718
12420	12420
10156	10156
56964	56964
89832	89832
86424	86424
63922	63922
28302	28302
