200	7781665
36946	36946
36650	36650
34786	34786
47218	47218
94352	94352
27308	27308
32908	32908
3018	3018
59854	59854
80574	80574
86650	86650
11900	11900
51646	51646
81394	81394
92582	92582
95470	95470
73614	73614
46462	46462
31750	31750
83714	83714
24346	24346
20080	20080
84074	84074
19452	19452
68004	68004
14214	14214
77086	77086
1662	1662
800	800
47388	47388
64152	64152
90874	90874
18286	18286
31648	31648
19856	19856
81370	81370
49668	49668
18352	18352
19190	19190
63248	63248
7896	7896
56644	56644
37652	37652
86690	86690
63306	63306
61342	61342
61778	61778
7174	7174
89658	89658
48944	48944
50610	50610
36734	36734
63068	63068
94340	94340
56774	56774
28780	28780
75586	75586
3226	3226
86066	86066
9130	9130
68570	68570
35194	35194
86914	86914
4886	4886
93190	93190
39046	39046
5440	5440
2512	2512
28440	28440
59162	59162
66558	66558
15360	15360
76168	76168
17418	17418
22026	22026
42260	42260
80034	80034
48368	48368
62414	62414
20596	20596
59962	59962
38772	38772
82	82
29412	29412
85136	85136
394	394
16498	16498
15422	15422
11986	11986
99092	99092
87860	87860
82052	82052
7644	7644
22310	22310
47706	47706
76908	76908
24724	24724
62452	62452
86252	86252
54636	54636
21504	21504
32756	32756
40878	40878
18756	18756
64302	64302
54056	54056
57106	57106
33392	33392
62320	62320
60702	60702
37724	37724
2796	2796
47112	47112
11608	11608
15578	15578
23080	23080
77878	77878
4024	4024
25256	25256
90058	90058
28314	28314
13754	13754
45156	45156
15908	15908
65436	65436
49252	49252
33736	33736
31664	31664
39464	39464
9602	9602
67918	67918
73818	73818
88594	88594
91096	91096
244	244
94940	94940
68788	68788
48408	48408
9054	9054
39872	39872
49200	49200
61648	61648
43778	43778
4130	4130
63064	63064
2302	2302
60746	60746
75796	75796
85478	85478
38476	38476
57468	57468
12780	12780
91716	91716
22032	22032
65786	65786
30080	30080
37342	37342
98000	98000
69866	69866
59166	59166
1804	1804
39058	39058
26354	26354
29390	29390
42954	42954
84414	84414
33478	33478
59582	59582
84794	84794
9274	9274
23746	23746
71736	71736
34936	34936
23978	23978
18540	18540
48876	48876
43464	43464
94006	94006
73222	73222
78730	78730
29748	29748
4694	4694
77210	77210
14754	14754
77092	77092
19764	19764
68286	68286
48866	48866
20204	20204
92430	92430
10052	10052
43028	43028
39658	39658
86662	86662
8376	8376
83856	83856
26746	26746
26162	26162
96178	96178
85338	85338
