200	5124511
81438	81438
70226	70226
62326	62326
37758	37758
97536	97536
12978	12978
64766	64766
96528	96528
71296	71296
78546	78546
47976	47976
64568	64568
99112	99112
26866	26866
72740	72740
29312	29312
77124	77124
15356	15356
29148	29148
20138	20138
27296	27296
69384	69384
75636	75636
88170	88170
44406	44406
30056	30056
95668	95668
69484	69484
43920	43920
74326	74326
19860	19860
86604	86604
58582	58582
62530	62530
12704	12704
3662	3662
48152	48152
21790	21790
18694	18694
58874	58874
42710	42710
28806	28806
27228	27228
43536	43536
61118	61118
45280	45280
28806	28806
9690	9690
73948	73948
89460	89460
23216	23216
60204	60204
52820	52820
35030	35030
33558	33558
78040	78040
66816	66816
96622	96622
70854	70854
47480	47480
21334	21334
62638	62638
16662	16662
63436	63436
96880	96880
92088	92088
4514	4514
67154	67154
21926	21926
93704	93704
71270	71270
18206	18206
13982	13982
14288	14288
7266	7266
76056	76056
81584	81584
8764	8764
86656	86656
14554	14554
10372	10372
84768	84768
86102	86102
95040	95040
72566	72566
79136	79136
21468	21468
69462	69462
42306	42306
3396	3396
57282	57282
28112	28112
7668	7668
45568	45568
59700	59700
93124	93124
65518	65518
19334	19334
26502	26502
91894	91894
59528	59528
32894	32894
88926	88926
52556	52556
52956	52956
84152	84152
38480	38480
46436	46436
3072	3072
61222	61222
3230	3230
68480	68480
82072	82072
57556	57556
7688	7688
23994	23994
15164	15164
24704	24704
67636	67636
8342	8342
29422	29422
70236	70236
66522	66522
89568	89568
8920	8920
91518	91518
6870	6870
62814	62814
30930	30930
92004	92004
58896	58896
71062	71062
93418	93418
80520	80520
57130	57130
93992	93992
25880	25880
99350	99350
25874	25874
81020	81020
32932	32932
92164	92164
90826	90826
37972	37972
67214	67214
34022	34022
71422	71422
68908	68908
72612	72612
36268	36268
94180	94180
77304	77304
74942	74942
94530	94530
15732	15732
14668	14668
72050	72050
84528	84528
93074	93074
17050	17050
80498	80498
6640	6640
18964	18964
130	130
23868	23868
14274	14274
60752	60752
35212	35212
61508	61508
9398	9398
97810	97810
38898	38898
61114	61114
16034	16034
7870	7870
88748	88748
18028	18028
17260	17260
49484	49484
30158	30158
46078	46078
60698	60698
21694	21694
76184	76184
64946	64946
5856	5856
24614	24614
82598	82598
63860	63860
73134	73134
94904	94904
65136	65136
39890	39890
63794	63794
5104	5104
92712	92712
25714	25714
36556	36556
4630	4630
33800	33800
