200	3538249
92270	92270
61446	61446
21744	21744
84452	84452
65408	65408
1734	1734
46844	46844
2296	2296
31024	31024
82392	82392
27464	27464
22548	22548
604	604
98734	98734
77310	77310
85582	85582
60244	60244
96074	96074
92452	92452
94486	94486
98374	98374
99734	99734
65862	65862
25516	25516
88340	88340
92272	92272
50334	50334
72682	72682
33426	33426
50398	50398
32260	32260
45420	45420
32018	32018
37168	37168
31112	31112
29600	29600
59926	59926
28822	28822
20208	20208
25134	25134
20546	20546
71494	71494
89780	89780
36658	36658
16966	16966
50902	50902
37306	37306
40710	40710
64684	64684
83970	83970
15076	15076
82228	82228
94574	94574
64074	64074
28032	28032
92110	92110
82976	82976
16028	16028
20604	20604
98402	98402
81330	81330
17390	17390
78262	78262
14100	14100
73082	73082
47522	47522
38592	38592
9382	9382
65268	65268
84534	84534
58340	58340
88624	88624
92920	92920
18802	18802
23286	23286
71210	71210
87562	87562
80090	80090
67708	67708
47018	47018
74922	74922
96314	96314
52702	52702
76558	76558
28252	28252
64726	64726
83672	83672
80204	80204
22200	22200
31620	31620
65372	65372
91742	91742
49176	49176
25848	25848
52848	52848
87138	87138
95702	95702
83708	83708
60368	60368
51382	51382
9320	9320
70716	70716
24616	24616
58268	58268
26140	26140
69130	69130
3082	3082
43422	43422
49798	49798
19148	19148
58330	58330
19512	19512
30260	30260
73288	73288
59574	59574
53378	53378
67812	67812
89548	89548
51916	51916
29482	29482
70224	70224
87388	87388
66568	66568
73942	73942
66740	66740
57706	57706
99840	99840
55586	55586
13104	13104
11814	11814
92178	92178
65084	65084
32240	32240
28836	28836
36836	36836
43338	43338
20968	20968
51178	51178
12684	12684
46424	46424
53160	53160
31062	31062
57394	57394
82174	82174
77864	77864
20988	20988
60780	60780
96048	96048
61034	61034
60290	60290
42822	42822
9920	9920
4844	4844
19724	19724
77842	77842
96002	96002
8378	8378
93928	93928
19348	19348
75504	75504
28624	28624
82722	82722
14990	14990
91458	91458
4114	4114
5906	5906
53128	53128
92086	92086
1688	1688
83690	83690
19374	19374
99058	99058
43842	43842
72748	72748
69390	69390
59844	59844
32942	32942
96242	96242
98726	98726
10114	10114
92748	92748
40220	40220
20500	20500
67142	67142
71822	71822
2998	2998
83768	83768
48998	48998
22340	22340
7432	7432
42718	42718
65262	65262
26198	26198
3098	3098
99558	99558
16586	16586
57042	57042
12382	12382
48166	48166
46250	46250
