200	9008715
40332	40332
60788	60788
6260	6260
40972	40972
56536	56536
22046	22046
95916	95916
5962	5962
63738	63738
89814	89814
10704	10704
42088	42088
45338	45338
37724	37724
25958	25958
21202	21202
94222	94222
52564	52564
48204	48204
27576	27576
87444	87444
47636	47636
36372	36372
72674	72674
75616	75616
77680	77680
60130	60130
42374	42374
56460	56460
50172	50172
52000	52000
94900	94900
99474	99474
70028	70028
95318	95318
28448	28448
66612	66612
98468	98468
66874	66874
8648	8648
74996	74996
33646	33646
21926	21926
23902	23902
26258	26258
8870	8870
46572	46572
882	882
97606	97606
65764	65764
77396	77396
5822	5822
68304	68304
62674	62674
89006	89006
36844	36844
28152	28152
68226	68226
71976	71976
2918	2918
70694	70694
6802	6802
15952	15952
95668	95668
72246	72246
81040	81040
41538	41538
3742	3742
63034	63034
22928	22928
24934	24934
89720	89720
56228	56228
30182	30182
88966	88966
83998	83998
46112	46112
89826	89826
30140	30140
56372	56372
90790	90790
88212	88212
84808	84808
39810	39810
20582	20582
55608	55608
6728	6728
90110	90110
53682	53682
52212	52212
51616	51616
18124	18124
72588	72588
92576	92576
80868	80868
9552	9552
49000	49000
42784	42784
68840	68840
52468	52468
98978	98978
94	94
9134	9134
94244	94244
49534	49534
47624	47624
49830	49830
77460	77460
86214	86214
31600	31600
72220	72220
28716	28716
57992	57992
43814	43814
86344	86344
21422	21422
37312	37312
15372	15372
97752	97752
89960	89960
34064	34064
13626	13626
61784	61784
92532	92532
80590	80590
77462	77462
26964	26964
7260	7260
37532	37532
70808	70808
94762	94762
99622	99622
5458	5458
49262	49262
25386	25386
26616	26616
86008	86008
48818	48818
2120	2120
90206	90206
70704	70704
99952	99952
74284	74284
55918	55918
43708	43708
91048	91048
57724	57724
92942	92942
29114	29114
58894	58894
42904	42904
26398	26398
40826	40826
79068	79068
85196	85196
75802	75802
25544	25544
78956	78956
31262	31262
616	616
60198	60198
70504	70504
20536	20536
99572	99572
64142	64142
38190	38190
97024	97024
47900	47900
61456	61456
62034	62034
88744	88744
94060	94060
82266	82266
78058	78058
39838	39838
18148	18148
49290	49290
40288	40288
82622	82622
89068	89068
39918	39918
82890	82890
82050	82050
62016	62016
64854	64854
66650	66650
10912	10912
34034	34034
17470	17470
64072	64072
21094	21094
4218	4218
10074	10074
57756	57756
1536	1536
63782	63782
53482	53482
59952	59952
76672	76672
87640	87640
