200	3145987
67742	67742
22194	22194
8466	8466
79728	79728
51042	51042
37688	37688
99270	99270
85576	85576
91548	91548
8628	8628
22082	22082
9606	9606
53936	53936
6390	6390
24972	24972
27694	27694
28148	28148
54214	54214
12554	12554
67508	67508
39174	39174
34444	34444
86328	86328
44752	44752
55600	55600
62472	62472
16642	16642
84216	84216
49744	49744
66472	66472
5892	5892
49532	49532
10852	10852
80550	80550
28594	28594
70552	70552
20636	20636
40942	40942
47486	47486
66490	66490
32262	32262
37876	37876
70732	70732
38350	38350
29364	29364
74066	74066
91146	91146
11490	11490
42530	42530
24036	24036
74352	74352
44258	44258
5472	5472
19500	19500
95046	95046
22958	22958
47916	47916
71578	71578
24018	24018
35216	35216
41896	41896
76708	76708
88142	88142
89270	89270
47034	47034
31276	31276
85224	85224
11802	11802
41088	41088
52736	52736
89888	89888
55814	55814
80378	80378
28268	28268
24408	24408
2816	2816
87320	87320
14854	14854
77488	77488
79542	79542
37600	37600
47452	47452
23802	23802
20370	20370
39106	39106
23124	23124
67438	67438
70782	70782
3322	3322
96128	96128
40636	40636
8630	8630
29166	29166
81200	81200
84960	84960
72624	72624
12946	12946
31916	31916
85820	85820
14402	14402
8262	8262
8190	8190
88644	88644
86482	86482
93400	93400
59654	59654
14654	14654
4676	4676
22740	22740
9760	9760
28244	28244
73722	73722
28706	28706
24548	24548
3630	3630
99062	99062
36888	36888
80240	80240
41986	41986
24964	24964
30694	30694
27650	27650
7592	7592
8366	8366
54638	54638
71926	71926
49584	49584
4542	4542
76440	76440
76016	76016
55670	55670
34620	34620
99740	99740
47244	47244
88866	88866
156	156
35332	35332
89246	89246
92732	92732
80134	80134
60026	60026
61126	61126
91846	91846
67984	67984
84258	84258
14610	14610
74814	74814
33758	33758
74000	74000
96724	96724
28022	28022
46810	46810
46056	46056
74872	74872
46318	46318
25600	25600
21288	21288
63736	63736
16328	16328
34138	34138
61280	61280
58678	58678
48146	48146
46168	46168
16066	16066
43714	43714
9972	9972
83312	83312
75744	75744
91576	91576
8454	8454
70452	70452
7972	7972
48862	48862
11334	11334
27378	27378
17086	17086
45864	45864
51922	51922
90624	90624
64632	64632
586	586
54294	54294
74174	74174
13794	13794
20550	20550
34554	34554
1410	1410
57532	57532
86214	86214
19296	19296
79222	79222
25598	25598
47732	47732
74466	74466
95874	95874
41412	41412
33366	33366
21276	21276
35522	35522
