200	8771619
67566	67566
33812	33812
29026	29026
68938	68938
1076	1076
11674	11674
48580	48580
66970	66970
29226	29226
64378	64378
84606	84606
62906	62906
30998	30998
28698	28698
99512	99512
934	934
39592	39592
46522	46522
35902	35902
74654	74654
92512	92512
83388	83388
29292	29292
45052	45052
98600	98600
66792	66792
99522	99522
44614	44614
85926	85926
58912	58912
89420	89420
48424	48424
1190	1190
96372	96372
53686	53686
46622	46622
95048	95048
81744	81744
8436	8436
77504	77504
72472	72472
99648	99648
57352	57352
89272	89272
7864	7864
71960	71960
98156	98156
87182	87182
40316	40316
67936	67936
57318	57318
61352	61352
88960	88960
42440	42440
2980	2980
5374	5374
63238	63238
90944	90944
37854	37854
46818	46818
36842	36842
84724	84724
85492	85492
69832	69832
84798	84798
51390	51390
89810	89810
84562	84562
61024	61024
15308	15308
75962	75962
58950	58950
47382	47382
51810	51810
71204	71204
90540	90540
47174	47174
33244	33244
33008	33008
53512	53512
1944	1944
57494	57494
15356	15356
26326	26326
63486	63486
47764	47764
8398	8398
71728	71728
26436	26436
28088	28088
87008	87008
24098	24098
4044	4044
38382	38382
41926	41926
31972	31972
18052	18052
86282	86282
82906	82906
4962	4962
89362	89362
34236	34236
66430	66430
70656	70656
27504	27504
48902	48902
62350	62350
65904	65904
68440	68440
72952	72952
67858	67858
77128	77128
49790	49790
67660	67660
1246	1246
37186	37186
83990	83990
85814	85814
45612	45612
83584	83584
68634	68634
81004	81004
65372	65372
87680	87680
50154	50154
36586	36586
956	956
89808	89808
67896	67896
32982	32982
83768	83768
98722	98722
42282	42282
76964	76964
93512	93512
78510	78510
13798	13798
16030	16030
49902	49902
40	40
25936	25936
24658	24658
58000	58000
99794	99794
85156	85156
3352	3352
39758	39758
21378	21378
32574	32574
70160	70160
1182	1182
16304	16304
49522	49522
76776	76776
98574	98574
9334	9334
35670	35670
90718	90718
64758	64758
32578	32578
14682	14682
76776	76776
89216	89216
53626	53626
44192	44192
54088	54088
72026	72026
57694	57694
21188	21188
18694	18694
82288	82288
81386	81386
85320	85320
31824	31824
36182	36182
56270	56270
72746	72746
18106	18106
64420	64420
87816	87816
19184	19184
20270	20270
20708	20708
77336	77336
75008	75008
27708	27708
39596	39596
27942	27942
69000	69000
180	180
64738	64738
22930	22930
9380	9380
31658	31658
56794	56794
50910	50910
45120	45120
3080	3080
31388	31388
25804	25804
