200	6919105
88170	88170
23340	23340
83794	83794
46786	46786
12498	12498
60450	60450
9712	9712
24928	24928
68316	68316
59766	59766
60374	60374
6266	6266
55870	55870
55624	55624
39332	39332
14562	14562
50942	50942
95668	95668
14372	14372
32374	32374
62090	62090
18360	18360
91844	91844
4176	4176
83356	83356
74164	74164
422	422
19212	19212
77266	77266
30778	30778
95360	95360
76368	76368
54208	54208
56496	56496
51006	51006
18526	18526
3296	3296
87702	87702
67738	67738
56948	56948
68008	68008
85172	85172
59756	59756
38580	38580
40084	40084
61744	61744
21206	21206
48144	48144
27242	27242
71394	71394
6648	6648
78312	78312
58972	58972
46786	46786
19690	19690
2688	2688
84430	84430
23068	23068
72034	72034
15596	15596
72424	72424
55024	55024
15068	15068
67684	67684
94510	94510
24594	24594
13528	13528
42518	42518
45048	45048
28868	28868
99338	99338
76012	76012
73286	73286
9710	9710
36638	36638
76864	76864
51394	51394
58148	58148
76982	76982
59398	59398
91852	91852
55854	55854
35882	35882
70480	70480
26804	26804
1500	1500
60618	60618
65348	65348
26796	26796
93552	93552
54354	54354
89196	89196
6068	6068
64556	64556
73012	73012
90180	90180
89660	89660
49978	49978
39378	39378
62172	62172
94638	94638
67292	67292
84272	84272
53166	53166
83820	83820
36512	36512
64978	64978
20064	20064
9640	9640
93338	93338
62940	62940
49034	49034
85778	85778
72172	72172
83866	83866
35752	35752
9266	9266
57174	57174
38256	38256
95968	95968
31856	31856
11980	11980
66630	66630
96024	96024
91266	91266
2274	2274
66606	66606
35408	35408
27796	27796
21844	21844
35036	35036
74818	74818
15574	15574
30050	30050
4972	4972
68502	68502
47386	47386
45918	45918
42644	42644
12982	12982
89308	89308
32856	32856
54946	54946
87968	87968
53480	53480
91140	91140
55982	55982
92540	92540
98636	98636
61458	61458
3244	3244
38382	38382
83282	83282
15864	15864
91564	91564
36960	36960
94428	94428
43612	43612
59256	59256
80646	80646
85956	85956
92874	92874
93100	93100
59336	59336
46070	46070
47458	47458
5752	5752
38208	38208
55104	55104
93984	93984
23248	23248
47850	47850
45114	45114
99708	99708
46104	46104
70558	70558
22298	22298
97730	97730
2204	2204
63790	63790
82802	82802
45888	45888
68916	68916
64908	64908
63162	63162
14576	14576
34060	34060
32158	32158
37528	37528
38690	38690
67548	67548
64542	64542
92758	92758
24710	24710
20484	20484
690	690
22992	22992
9066	9066
53878	53878
23520	23520
