200	3387453
42000	42000
45670	45670
32258	32258
92252	92252
94110	94110
78208	78208
32994	32994
77924	77924
38122	38122
22270	22270
52616	52616
98490	98490
92070	92070
30660	30660
52732	52732
29038	29038
46044	46044
226	226
71404	71404
58058	58058
12954	12954
30030	30030
43342	43342
63578	63578
20480	20480
77060	77060
97260	97260
2072	2072
24678	24678
85624	85624
71430	71430
98720	98720
40052	40052
41038	41038
4256	4256
62918	62918
90956	90956
2864	2864
1204	1204
60376	60376
92620	92620
25786	25786
62502	62502
86728	86728
98090	98090
36698	36698
26660	26660
96278	96278
68352	68352
73254	73254
87408	87408
18740	18740
38000	38000
25214	25214
95382	95382
21094	21094
99414	99414
19516	19516
22128	22128
31996	31996
57758	57758
53332	53332
84504	84504
91450	91450
50604	50604
25774	25774
37852	37852
60138	60138
79420	79420
43562	43562
42814	42814
75466	75466
19602	19602
24096	24096
65400	65400
20264	20264
81170	81170
46318	46318
17474	17474
21858	21858
2488	2488
19696	19696
57334	57334
90698	90698
46154	46154
45308	45308
13218	13218
61590	61590
44412	44412
11698	11698
66062	66062
46910	46910
40464	40464
96072	96072
8724	8724
56786	56786
26140	26140
37954	37954
37976	37976
82848	82848
48464	48464
5552	5552
28268	28268
69174	69174
79580	79580
97134	97134
98146	98146
76454	76454
99082	99082
60202	60202
20980	20980
79412	79412
60456	60456
75096	75096
95160	95160
39640	39640
41378	41378
20536	20536
17776	17776
55614	55614
36524	36524
18390	18390
34708	34708
73280	73280
78900	78900
51046	51046
92674	92674
79588	79588
63230	63230
97636	97636
6824	6824
46960	46960
85024	85024
98050	98050
53952	53952
33940	33940
20856	20856
48648	48648
21450	21450
92898	92898
70944	70944
20504	20504
49670	49670
14860	14860
98274	98274
12192	12192
76936	76936
1952	1952
27564	27564
86290	86290
80202	80202
37364	37364
84878	84878
63624	63624
26376	26376
13338	13338
17446	17446
41012	41012
62068	62068
84120	84120
95250	95250
55044	55044
46618	46618
15884	15884
23420	23420
13776	13776
16428	16428
83232	83232
21354	21354
23414	23414
72880	72880
3080	3080
67944	67944
80824	80824
70744	70744
25520	25520
89056	89056
14414	14414
43946	43946
59666	59666
84368	84368
92572	92572
52238	52238
64374	64374
59626	59626
7724	7724
61644	61644
15606	15606
29774	29774
20576	20576
14952	14952
98778	98778
98308	98308
3952	3952
38240	38240
14108	14108
70570	70570
9460	9460
12778	12778
82636	82636
