200	6965097
87202	87202
67478	67478
14754	14754
61920	61920
5658	5658
8878	8878
21874	21874
29926	29926
53636	53636
59734	59734
80772	80772
79146	79146
71094	71094
55494	55494
59068	59068
75796	75796
96380	96380
51916	51916
840	840
19314	19314
17324	17324
76390	76390
25588	25588
14194	14194
63786	63786
55226	55226
54338	54338
96446	96446
75940	75940
85752	85752
4280	4280
42070	42070
88210	88210
46830	46830
11484	11484
96582	96582
77700	77700
74496	74496
67516	67516
64842	64842
21080	21080
11022	11022
56158	56158
62390	62390
82898	82898
33372	33372
55828	55828
44700	44700
40094	40094
15048	15048
61428	61428
44550	44550
27180	27180
32044	32044
71510	71510
96082	96082
67830	67830
23248	23248
12342	12342
99886	99886
19842	19842
83478	83478
37734	37734
32464	32464
61520	61520
36650	36650
38638	38638
89932	89932
37134	37134
17212	17212
90226	90226
11106	11106
12550	12550
41446	41446
54704	54704
70100	70100
398	398
40886	40886
65974	65974
95982	95982
53410	53410
96506	96506
99572	99572
98054	98054
92026	92026
61806	61806
68382	68382
55174	55174
20348	20348
19106	19106
67978	67978
20564	20564
24862	24862
89070	89070
18682	18682
46780	46780
76362	76362
38112	38112
89986	89986
29830	29830
44396	44396
15320	15320
74348	74348
25820	25820
22646	22646
32714	32714
65172	65172
83448	83448
90538	90538
87954	87954
1086	1086
86040	86040
90898	90898
60334	60334
37608	37608
52548	52548
46262	46262
82214	82214
59190	59190
91616	91616
71888	71888
51734	51734
50272	50272
14062	14062
8234	8234
55938	55938
88442	88442
24536	24536
16270	16270
58386	58386
47716	47716
33844	33844
49002	49002
3608	3608
16166	16166
27186	27186
42772	42772
93486	93486
87600	87600
39488	39488
5112	5112
75048	75048
71320	71320
36170	36170
32328	32328
27710	27710
95050	95050
39998	39998
62544	62544
18826	18826
15478	15478
72994	72994
27314	27314
21380	21380
70528	70528
46678	46678
80026	80026
3830	3830
89962	89962
22858	22858
33322	33322
98310	98310
23316	23316
80098	80098
9878	9878
84362	84362
64660	64660
55446	55446
24066	24066
64038	64038
62210	62210
70036	70036
24872	24872
95044	95044
22214	22214
47282	47282
85510	85510
88674	88674
23044	23044
79476	79476
88090	88090
80322	80322
76188	76188
59192	59192
26132	26132
78506	78506
87690	87690
17488	17488
89668	89668
53548	53548
61994	61994
26838	26838
6740	6740
41690	41690
96382	96382
63370	63370
39300	39300
73884	73884
70428	70428
25252	25252
