200	4951621
43348	43348
15736	15736
73090	73090
22722	22722
83388	83388
74336	74336
10420	10420
50220	50220
70168	70168
81108	81108
35404	35404
84604	84604
48216	48216
36380	36380
93762	93762
36568	36568
26528	26528
20072	20072
75756	75756
83664	83664
89754	89754
7632	7632
36282	36282
68226	68226
76512	76512
33716	33716
9750	9750
24204	24204
73668	73668
36270	36270
86814	86814
16344	16344
87976	87976
75614	75614
2496	2496
53342	53342
93270	93270
6528	6528
70542	70542
73742	73742
56096	56096
89452	89452
94370	94370
71494	71494
3342	3342
11438	11438
67326	67326
19296	19296
89810	89810
91084	91084
22488	22488
87066	87066
14800	14800
67776	67776
47854	47854
47484	47484
64274	64274
38812	38812
86470	86470
45694	45694
38670	38670
85996	85996
48458	48458
50454	50454
88602	88602
4180	4180
10950	10950
26648	26648
45294	45294
77692	77692
95950	95950
49798	49798
45446	45446
14336	14336
30128	30128
2212	2212
34134	34134
49314	49314
92584	92584
57258	57258
9408	9408
21812	21812
75170	75170
38224	38224
3074	3074
52072	52072
35726	35726
94162	94162
79666	79666
49910	49910
77004	77004
50840	50840
11428	11428
88848	88848
198	198
21998	21998
59128	59128
17178	17178
76920	76920
27778	27778
48438	48438
22850	22850
41690	41690
34450	34450
86568	86568
16618	16618
80938	80938
2544	2544
40308	40308
36020	36020
12484	12484
88952	88952
18810	18810
68092	68092
60982	60982
42526	42526
56782	56782
56706	56706
34858	34858
31884	31884
72978	72978
2526	2526
67424	67424
2816	2816
72916	72916
87696	87696
24028	24028
93542	93542
47836	47836
78516	78516
68188	68188
37260	37260
22240	22240
94106	94106
52586	52586
75184	75184
57980	57980
85658	85658
9548	9548
17394	17394
88096	88096
78830	78830
66126	66126
14074	14074
47044	47044
94790	94790
28002	28002
45112	45112
37162	37162
8830	8830
59946	59946
75752	75752
92126	92126
93756	93756
36062	36062
94978	94978
64826	64826
40122	40122
34232	34232
10738	10738
44136	44136
562	562
43580	43580
17386	17386
11246	11246
57134	57134
1724	1724
59214	59214
27104	27104
11304	11304
95992	95992
51768	51768
10048	10048
65724	65724
5054	5054
79744	79744
55382	55382
99326	99326
41722	41722
23172	23172
35354	35354
77080	77080
20432	20432
50640	50640
62352	62352
48480	48480
29300	29300
59268	59268
92824	92824
98714	98714
71404	71404
62858	62858
5140	5140
71056	71056
20402	20402
64360	64360
4000	4000
48188	48188
60002	60002
13294	13294
