200	6938545
40214	40214
92360	92360
99912	99912
70980	70980
18222	18222
81170	81170
97280	97280
77300	77300
38106	38106
76566	76566
39684	39684
3376	3376
92320	92320
58066	58066
56418	56418
25270	25270
43664	43664
29240	29240
55430	55430
50346	50346
31726	31726
80258	80258
65386	65386
36904	36904
98274	98274
72556	72556
27162	27162
33318	33318
48668	48668
83076	83076
94764	94764
56806	56806
52740	52740
63000	63000
91598	91598
53910	53910
15334	15334
73940	73940
65216	65216
74102	74102
85812	85812
84226	84226
35628	35628
26362	26362
81890	81890
36920	36920
82868	82868
47902	47902
62218	62218
89690	89690
31704	31704
73058	73058
3878	3878
17210	17210
1398	1398
53882	53882
95100	95100
76046	76046
62554	62554
41680	41680
28918	28918
54684	54684
61390	61390
83102	83102
87090	87090
93242	93242
56878	56878
81808	81808
44570	44570
70424	70424
28942	28942
37550	37550
34586	34586
46356	46356
64226	64226
36878	36878
67918	67918
18254	18254
72624	72624
55664	55664
432	432
80342	80342
42898	42898
10676	10676
85602	85602
76326	76326
81158	81158
84438	84438
34368	34368
1630	1630
54224	54224
89490	89490
68476	68476
68382	68382
11760	11760
50534	50534
63872	63872
26262	26262
61738	61738
4582	4582
96732	96732
78762	78762
31324	31324
91712	91712
66098	66098
51370	51370
97206	97206
93292	93292
89970	89970
65078	65078
5808	5808
62612	62612
76390	76390
34278	34278
81816	81816
88306	88306
90888	90888
7468	7468
55648	55648
49608	49608
24988	24988
43376	43376
94870	94870
60856	60856
82720	82720
22834	22834
20016	20016
23578	23578
54008	54008
10450	10450
62972	62972
11866	11866
30634	30634
26074	26074
82966	82966
60316	60316
55074	55074
11172	11172
71408	71408
98952	98952
11348	11348
11712	11712
44906	44906
44830	44830
65542	65542
19114	19114
56772	56772
38066	38066
2638	2638
2334	2334
36992	36992
1396	1396
91982	91982
32454	32454
70668	70668
87624	87624
45258	45258
56560	56560
54550	54550
35300	35300
80338	80338
60522	60522
33798	33798
62670	62670
20214	20214
66972	66972
58234	58234
79130	79130
13200	13200
46054	46054
20672	20672
35008	35008
36860	36860
24494	24494
5204	5204
46042	46042
19790	19790
93842	93842
67248	67248
65318	65318
7142	7142
47122	47122
24866	24866
75650	75650
1880	1880
33742	33742
6862	6862
51226	51226
2826	2826
95284	95284
24190	24190
69280	69280
97454	97454
65298	65298
1194	1194
99878	99878
41096	41096
23344	23344
31330	31330
22020	22020
