200	1638999
70022	70022
18156	18156
98962	98962
71724	71724
45388	45388
75852	75852
65886	65886
67868	67868
74192	74192
70564	70564
68886	68886
19728	19728
23364	23364
98386	98386
84922	84922
60600	60600
3358	3358
4476	4476
47098	47098
31054	31054
56960	56960
57784	57784
33680	33680
77512	77512
30970	30970
6294	6294
18518	18518
51806	51806
64582	64582
75316	75316
38768	38768
50288	50288
80922	80922
13436	13436
46236	46236
21656	21656
72406	72406
2312	2312
21610	21610
64150	64150
70216	70216
98368	98368
53842	53842
82886	82886
60298	60298
68674	68674
16348	16348
90872	90872
51890	51890
22642	22642
63782	63782
44774	44774
8112	8112
71794	71794
91444	91444
19924	19924
9296	9296
25396	25396
30340	30340
18582	18582
43994	43994
98800	98800
77178	77178
91194	91194
42160	42160
8716	8716
17610	17610
86654	86654
38342	38342
71804	71804
69214	69214
73574	73574
42434	42434
60998	60998
30684	30684
16676	16676
83980	83980
95644	95644
41328	41328
45410	45410
382	382
58192	58192
48156	48156
95866	95866
94200	94200
62310	62310
61052	61052
88642	88642
5196	5196
34176	34176
88632	88632
97616	97616
1570	1570
70198	70198
41208	41208
65860	65860
54716	54716
4012	4012
21144	21144
50780	50780
58048	58048
83052	83052
27430	27430
54516	54516
17482	17482
44494	44494
48502	48502
61054	61054
94642	94642
34086	34086
15336	15336
1684	1684
48778	48778
24458	24458
65068	65068
80450	80450
2542	2542
92398	92398
12490	12490
71462	71462
99888	99888
66692	66692
30640	30640
2542	2542
8384	8384
81978	81978
78550	78550
71650	71650
46392	46392
64382	64382
33848	33848
61258	61258
24414	24414
42000	42000
33318	33318
67270	67270
1054	1054
4930	4930
94642	94642
16736	16736
47362	47362
57668	57668
39610	39610
73774	73774
76052	76052
48482	48482
22012	22012
3792	3792
2348	2348
38730	38730
17114	17114
40630	40630
19670	19670
26908	26908
77182	77182
29518	29518
71848	71848
33512	33512
52870	52870
16162	16162
69496	69496
40132	40132
71720	71720
52638	52638
36084	36084
30258	30258
47624	47624
96754	96754
9246	9246
91146	91146
10592	10592
14080	14080
96712	96712
8048	8048
22140	22140
92546	92546
97472	97472
6070	6070
39904	39904
18802	18802
96718	96718
37878	37878
21778	21778
95064	95064
61476	61476
8880	8880
3586	3586
86316	86316
41086	41086
64134	64134
57766	57766
94134	94134
76582	76582
65926	65926
28116	28116
50404	50404
49028	49028
24372	24372
44906	44906
45122	45122
