200	1566069
96628	96628
52168	52168
57078	57078
76576	76576
33706	33706
4584	4584
15690	15690
92590	92590
32842	32842
79232	79232
76446	76446
41836	41836
38950	38950
44220	44220
31710	31710
88750	88750
53132	53132
91528	91528
72330	72330
47970	47970
89318	89318
96766	96766
30776	30776
60330	60330
86698	86698
79258	79258
9960	9960
40324	40324
29766	29766
23340	23340
30056	30056
68934	68934
82288	82288
67688	67688
89502	89502
20558	20558
41244	41244
44276	44276
48968	48968
40622	40622
91408	91408
2318	2318
51980	51980
46156	46156
20836	20836
98104	98104
99480	99480
64688	64688
98842	98842
72556	72556
52676	52676
43052	43052
88152	88152
99468	99468
64602	64602
31132	31132
2808	2808
26568	26568
87266	87266
81552	81552
84154	84154
5110	5110
67494	67494
1254	1254
98228	98228
32742	32742
50	50
47188	47188
97704	97704
60104	60104
19756	19756
84538	84538
18026	18026
40334	40334
77876	77876
28120	28120
24644	24644
12276	12276
30306	30306
13190	13190
41042	41042
1774	1774
51598	51598
56092	56092
64214	64214
5852	5852
26656	26656
88796	88796
6498	6498
32858	32858
91054	91054
59664	59664
3292	3292
78516	78516
1094	1094
34304	34304
24928	24928
68904	68904
33490	33490
88988	88988
15596	15596
1324	1324
2478	2478
19470	19470
79572	79572
54170	54170
3134	3134
55890	55890
29618	29618
10258	10258
28596	28596
31904	31904
28236	28236
98824	98824
80236	80236
7182	7182
9084	9084
35144	35144
70106	70106
18146	18146
69484	69484
18376	18376
7208	7208
17348	17348
11050	11050
95688	95688
49118	49118
88806	88806
18072	18072
58772	58772
97570	97570
4316	4316
32866	32866
93274	93274
68328	68328
39206	39206
24308	24308
79214	79214
36066	36066
24770	24770
68756	68756
20846	20846
5012	5012
83478	83478
94714	94714
90546	90546
4468	4468
12262	12262
65222	65222
82862	82862
67046	67046
2892	2892
47756	47756
98548	98548
15224	15224
33048	33048
81534	81534
10804	10804
69912	69912
92588	92588
8886	8886
67134	67134
5952	5952
36842	36842
19146	19146
64364	64364
22984	22984
32802	32802
30760	30760
59316	59316
27536	27536
15636	15636
6338	6338
9194	9194
22122	22122
70166	70166
8132	8132
94060	94060
4254	4254
79978	79978
98390	98390
80980	80980
39732	39732
16716	16716
59670	59670
13166	13166
46914	46914
2422	2422
90338	90338
3986	3986
27126	27126
53768	53768
51170	51170
63656	63656
33172	33172
27048	27048
54596	54596
73630	73630
5796	5796
73216	73216
