200	7972531
45522	45522
84122	84122
9292	9292
99472	99472
69414	69414
14988	14988
1588	1588
2548	2548
83272	83272
53728	53728
97370	97370
50874	50874
50822	50822
73592	73592
10818	10818
81576	81576
16136	16136
81870	81870
1250	1250
13510	13510
67568	67568
30026	30026
81414	81414
88286	88286
7714	7714
82488	82488
61298	61298
14092	14092
91618	91618
5226	5226
62000	62000
29370	29370
41238	41238
41212	41212
13538	13538
22610	22610
82216	82216
73854	73854
53152	53152
38106	38106
40098	40098
24378	24378
10354	10354
17130	17130
89666	89666
60134	60134
83066	83066
76516	76516
84216	84216
51730	51730
62732	62732
67984	67984
40948	40948
87706	87706
7338	7338
88188	88188
18404	18404
52812	52812
20536	20536
38900	38900
34614	34614
36590	36590
54728	54728
47744	47744
75852	75852
32492	32492
66596	66596
31992	31992
64606	64606
1076	1076
16926	16926
30100	30100
15438	15438
49700	49700
26724	26724
19128	19128
77166	77166
13136	13136
38590	38590
49956	49956
4630	4630
53212	53212
32830	32830
92290	92290
83146	83146
67356	67356
19908	19908
10128	10128
94774	94774
42176	42176
28416	28416
69262	69262
38666	38666
49684	49684
56704	56704
29892	29892
77644	77644
46152	46152
41256	41256
1556	1556
26608	26608
12778	12778
89414	89414
21740	21740
696	696
5842	5842
44742	44742
76344	76344
79822	79822
73784	73784
16748	16748
43318	43318
73948	73948
9016	9016
39760	39760
56506	56506
20796	20796
12688	12688
8800	8800
93290	93290
95256	95256
66730	66730
49492	49492
4014	4014
356	356
94338	94338
60500	60500
84910	84910
59978	59978
64642	64642
23622	23622
97136	97136
27746	27746
44436	44436
66558	66558
24578	24578
83110	83110
50156	50156
40820	40820
26080	26080
5262	5262
3472	3472
4100	4100
18660	18660
29988	29988
30936	30936
62902	62902
12608	12608
27814	27814
1964	1964
24170	24170
10254	10254
36252	36252
95766	95766
39886	39886
57162	57162
2472	2472
41292	41292
75098	75098
60212	60212
38394	38394
72346	72346
67862	67862
14598	14598
82590	82590
72428	72428
91324	91324
38204	38204
93400	93400
95620	95620
96482	96482
77948	77948
5656	5656
36392	36392
18560	18560
96690	96690
1158	1158
33070	33070
8106	8106
82042	82042
97086	97086
85926	85926
85676	85676
26214	26214
96248	96248
81910	81910
76286	76286
3734	3734
50064	50064
52056	52056
97514	97514
72636	72636
71832	71832
56948	56948
46346	46346
33084	33084
9808	9808
58156	58156
87288	87288
69524	69524
