200	1609249
5354	5354
29294	29294
86394	86394
39930	39930
81550	81550
47858	47858
79564	79564
19958	19958
18692	18692
60866	60866
60288	60288
22484	22484
81740	81740
57972	57972
29222	29222
84522	84522
87614	87614
5538	5538
54698	54698
96666	96666
24836	24836
86558	86558
78696	78696
71828	71828
97684	97684
17346	17346
67486	67486
13156	13156
11088	11088
52770	52770
12154	12154
7680	7680
13268	13268
96168	96168
2	2
81528	81528
48368	48368
45340	45340
39898	39898
56024	56024
52724	52724
2492	2492
57192	57192
46158	46158
32512	32512
75892	75892
24172	24172
97196	97196
10996	10996
35808	35808
32216	32216
31120	31120
2624	2624
92922	92922
53140	53140
31750	31750
38822	38822
65846	65846
6062	6062
23738	23738
24060	24060
25516	25516
61248	61248
45500	45500
43536	43536
20784	20784
6168	6168
24726	24726
5572	5572
53086	53086
13532	13532
52080	52080
694	694
7452	7452
97650	97650
27842	27842
25082	25082
2218	2218
93124	93124
272	272
47800	47800
23852	23852
48262	48262
82088	82088
22942	22942
75106	75106
51176	51176
88864	88864
97112	97112
90478	90478
37548	37548
64998	64998
46540	46540
4238	4238
57524	57524
78694	78694
30012	30012
21730	21730
22796	22796
98212	98212
91894	91894
62468	62468
14240	14240
54168	54168
98698	98698
28060	28060
44840	44840
21188	21188
8126	8126
52526	52526
36632	36632
31636	31636
24822	24822
65280	65280
41858	41858
97544	97544
36840	36840
96330	96330
68396	68396
75710	75710
80062	80062
39946	39946
71028	71028
97578	97578
60596	60596
94180	94180
68680	68680
82422	82422
50922	50922
97646	97646
86356	86356
13096	13096
6894	6894
77382	77382
76780	76780
48940	48940
7746	7746
91478	91478
78034	78034
80380	80380
25232	25232
80114	80114
60212	60212
35086	35086
79610	79610
15780	15780
67028	67028
39996	39996
5928	5928
11424	11424
43542	43542
97848	97848
86888	86888
50682	50682
47240	47240
53396	53396
6142	6142
90216	90216
84604	84604
9842	9842
8448	8448
12164	12164
54194	54194
38292	38292
95484	95484
11484	11484
58574	58574
35236	35236
76296	76296
4534	4534
75352	75352
94588	94588
90248	90248
85408	85408
31246	31246
21308	21308
69154	69154
44482	44482
7798	7798
6700	6700
16938	16938
95524	95524
33002	33002
51304	51304
33576	33576
8610	8610
52460	52460
138	138
32426	32426
58218	58218
44490	44490
31644	31644
69260	69260
98012	98012
20520	20520
54128	54128
96078	96078
4924	4924
38998	38998
36464	36464
