200	4812253
66628	66628
74248	74248
27462	27462
58280	58280
82182	82182
96628	96628
81832	81832
9774	9774
2002	2002
32456	32456
33496	33496
65346	65346
15810	15810
43824	43824
70600	70600
2570	2570
21910	21910
99930	99930
8810	8810
17828	17828
29570	29570
77876	77876
92226	92226
11616	11616
7144	7144
18968	18968
60670	60670
62920	62920
51522	51522
13908	13908
50064	50064
21454	21454
65920	65920
87750	87750
49088	49088
54588	54588
6694	6694
64666	64666
19688	19688
20712	20712
98208	98208
25260	25260
94372	94372
66512	66512
15554	15554
96922	96922
32064	32064
47474	47474
3394	3394
95432	95432
23144	23144
51738	51738
36726	36726
80584	80584
39246	39246
21430	21430
62354	62354
184	184
19392	19392
38506	38506
41366	41366
22970	22970
78528	78528
67932	67932
33876	33876
64562	64562
92532	92532
63976	63976
82558	82558
78546	78546
10578	10578
86942	86942
45880	45880
68206	68206
50516	50516
28628	28628
65182	65182
18892	18892
67198	67198
95562	95562
69620	69620
25196	25196
18072	18072
60368	60368
85954	85954
64498	64498
20608	20608
46586	46586
62034	62034
75072	75072
36512	36512
30018	30018
83192	83192
52094	52094
7608	7608
96760	96760
6798	6798
57966	57966
88504	88504
79396	79396
42206	42206
47088	47088
13246	13246
89514	89514
10276	10276
79124	79124
77010	77010
2924	2924
43280	43280
56924	56924
79844	79844
12050	12050
93772	93772
52214	52214
13260	13260
66032	66032
938	938
93350	93350
56314	56314
616	616
19736	19736
95450	95450
89320	89320
58274	58274
37658	37658
12380	12380
75650	75650
43430	43430
48392	48392
14506	14506
37710	37710
39884	39884
44522	44522
27824	27824
81790	81790
10568	10568
7054	7054
4730	4730
97870	97870
27388	27388
69732	69732
27824	27824
33504	33504
89396	89396
62888	62888
2682	2682
34642	34642
2636	2636
6928	6928
65226	65226
91430	91430
43806	43806
64684	64684
9550	9550
57312	57312
79942	79942
11766	11766
13172	13172
36974	36974
97028	97028
8928	8928
38448	38448
92194	92194
56178	56178
37018	37018
11422	11422
7450	7450
82316	82316
68036	68036
36400	36400
76954	76954
64380	64380
12734	12734
81112	81112
27352	27352
80030	80030
13340	13340
49812	49812
4692	4692
35102	35102
42610	42610
63644	63644
32700	32700
30440	30440
53632	53632
62866	62866
74618	74618
31950	31950
80436	80436
33860	33860
72516	72516
23204	23204
76192	76192
75190	75190
50254	50254
79358	79358
45970	45970
70240	70240
32318	32318
44926	44926
