200	6742573
20918	20918
30694	30694
38354	38354
15742	15742
13192	13192
13284	13284
86218	86218
68640	68640
58872	58872
34950	34950
94292	94292
42256	42256
8598	8598
22878	22878
37644	37644
34258	34258
53310	53310
46788	46788
18170	18170
57778	57778
51254	51254
14630	14630
98994	98994
58378	58378
69796	69796
86328	86328
83036	83036
84182	84182
90836	90836
84230	84230
65092	65092
63430	63430
28020	28020
3006	3006
58186	58186
57852	57852
85204	85204
6268	6268
54320	54320
30096	30096
31106	31106
37342	37342
72804	72804
60188	60188
32054	32054
23594	23594
79252	79252
73174	73174
17946	17946
46088	46088
38732	38732
75516	75516
68886	68886
78464	78464
68384	68384
89458	89458
67788	67788
35158	35158
78724	78724
50092	50092
88556	88556
42524	42524
26564	26564
61984	61984
90774	90774
50226	50226
34964	34964
42624	42624
81014	81014
28636	28636
41362	41362
69318	69318
38424	38424
21528	21528
63146	63146
79264	79264
83602	83602
98650	98650
32610	32610
89748	89748
45650	45650
20240	20240
8534	8534
21104	21104
93916	93916
550	550
79360	79360
53400	53400
83540	83540
24580	24580
14602	14602
74456	74456
59306	59306
95794	95794
97504	97504
22862	22862
25028	25028
70456	70456
56736	56736
30242	30242
80502	80502
29336	29336
80086	80086
44424	44424
43336	43336
94630	94630
28256	28256
33776	33776
60476	60476
71098	71098
80430	80430
73826	73826
86886	86886
17422	17422
69116	69116
28882	28882
8756	8756
31578	31578
6000	6000
97120	97120
9582	9582
59732	59732
57922	57922
75358	75358
33614	33614
71142	71142
24342	24342
47182	47182
48576	48576
72602	72602
65704	65704
16072	16072
17190	17190
13274	13274
68162	68162
30072	30072
53480	53480
4624	4624
19252	19252
5890	5890
4524	4524
80334	80334
89506	89506
21304	21304
32026	32026
24134	24134
50928	50928
14918	14918
47736	47736
81724	81724
72198	72198
68508	68508
41964	41964
19950	19950
87652	87652
55962	55962
27772	27772
31480	31480
41092	41092
15042	15042
29870	29870
90154	90154
22628	22628
7904	7904
30802	30802
72306	72306
8466	8466
4720	4720
93564	93564
12666	12666
26220	26220
97630	97630
43598	43598
6636	6636
70972	70972
906	906
77350	77350
53260	53260
94004	94004
66462	66462
75642	75642
92516	92516
77742	77742
60098	60098
80754	80754
42574	42574
19050	19050
89016	89016
8388	8388
71196	71196
68382	68382
50802	50802
32906	32906
76472	76472
95102	95102
43828	43828
52440	52440
97216	97216
59304	59304
3750	3750
