200	3067793
43532	43532
89218	89218
74306	74306
64104	64104
65042	65042
18326	18326
39650	39650
25298	25298
10694	10694
69084	69084
44206	44206
26788	26788
43174	43174
78546	78546
40872	40872
92620	92620
44194	44194
66200	66200
74418	74418
32382	32382
19034	19034
16480	16480
7828	7828
34234	34234
82312	82312
91926	91926
24228	24228
86448	86448
18028	18028
34358	34358
38902	38902
46750	46750
66624	66624
59596	59596
9718	9718
32440	32440
51264	51264
59368	59368
46968	46968
16430	16430
76308	76308
17520	17520
21712	21712
79088	79088
26388	26388
55762	55762
27194	27194
13866	13866
1860	1860
22800	22800
83348	83348
36022	36022
40100	40100
86148	86148
72410	72410
46176	46176
51068	51068
62088	62088
19262	19262
60368	60368
48472	48472
40418	40418
40130	40130
1238	1238
73908	73908
13940	13940
34074	34074
86208	86208
83794	83794
32160	32160
25034	25034
88656	88656
36666	36666
35656	35656
8118	8118
41768	41768
7476	7476
2774	2774
99600	99600
77268	77268
8892	8892
32736	32736
5658	5658
26720	26720
26262	26262
372	372
27390	27390
19238	19238
19280	19280
77854	77854
77520	77520
4770	4770
33100	33100
91114	91114
6384	6384
94278	94278
17006	17006
59770	59770
17206	17206
50458	50458
38742	38742
54776	54776
83956	83956
98538	98538
90682	90682
83704	83704
9852	9852
41182	41182
42674	42674
81294	81294
22268	22268
8808	8808
5396	5396
18120	18120
6474	6474
80530	80530
28886	28886
88162	88162
81344	81344
48026	48026
96990	96990
35856	35856
65016	65016
13526	13526
85898	85898
31242	31242
53966	53966
90992	90992
38590	38590
66642	66642
32426	32426
58448	58448
41814	41814
10290	10290
730	730
44002	44002
65120	65120
66640	66640
20108	20108
58162	58162
56290	56290
41508	41508
48764	48764
53652	53652
22122	22122
76036	76036
77472	77472
31802	31802
55764	55764
44752	44752
66742	66742
49602	49602
13290	13290
63086	63086
14456	14456
36384	36384
60044	60044
2904	2904
43782	43782
23716	23716
39340	39340
53304	53304
76964	76964
86520	86520
33850	33850
34106	34106
5730	5730
16722	16722
19640	19640
50424	50424
62184	62184
79330	79330
34480	34480
36194	36194
99668	99668
24850	24850
4916	4916
31522	31522
96122	96122
12570	12570
73208	73208
53892	53892
6220	6220
72658	72658
10518	10518
8456	8456
76638	76638
60778	60778
20200	20200
70480	70480
70966	70966
92278	92278
938	938
73744	73744
48722	48722
60782	60782
73978	73978
42216	42216
73994	73994
83792	83792
