200	4973597
44746	44746
39028	39028
7822	7822
84962	84962
90436	90436
61972	61972
37202	37202
24390	24390
12308	12308
90794	90794
41938	41938
42078	42078
39376	39376
24204	24204
92754	92754
80752	80752
22358	22358
33218	33218
84692	84692
3276	3276
9496	9496
81632	81632
80076	80076
66770	66770
51166	51166
48568	48568
84874	84874
5244	5244
33352	33352
91094	91094
17048	17048
88886	88886
63466	63466
5798	5798
2820	2820
15914	15914
70128	70128
34236	34236
65696	65696
11090	11090
2714	2714
60898	60898
80980	80980
75844	75844
71394	71394
68472	68472
12820	12820
82240	82240
38884	38884
85980	85980
94812	94812
17758	17758
77948	77948
59834	59834
29936	29936
37036	37036
86132	86132
17258	17258
67628	67628
52410	52410
12104	12104
94022	94022
51380	51380
83880	83880
61824	61824
41498	41498
54416	54416
79756	79756
51208	51208
67116	67116
16776	16776
57314	57314
27776	27776
5108	5108
12824	12824
52140	52140
25912	25912
19996	19996
79730	79730
77058	77058
57514	57514
4608	4608
13876	13876
1972	1972
19760	19760
30608	30608
36462	36462
16400	16400
86198	86198
70038	70038
42802	42802
49730	49730
97050	97050
65798	65798
83950	83950
15440	15440
37156	37156
91570	91570
18252	18252
58612	58612
240	240
30664	30664
75188	75188
79768	79768
84106	84106
41748	41748
31280	31280
3674	3674
77660	77660
21442	21442
54164	54164
27052	27052
64982	64982
52476	52476
74890	74890
61022	61022
92246	92246
45306	45306
41978	41978
5664	5664
14206	14206
9186	9186
54144	54144
52712	52712
88620	88620
71168	71168
16594	16594
49800	49800
96720	96720
57452	57452
6388	6388
85164	85164
2268	2268
29652	29652
36008	36008
98658	98658
71452	71452
60618	60618
26140	26140
32456	32456
87850	87850
17860	17860
92276	92276
68818	68818
45078	45078
92952	92952
64130	64130
39866	39866
11586	11586
75434	75434
98366	98366
99212	99212
70238	70238
38372	38372
11378	11378
9574	9574
36226	36226
95644	95644
37558	37558
31462	31462
71484	71484
72930	72930
22284	22284
74516	74516
86926	86926
65848	65848
3906	3906
95150	95150
23604	23604
14590	14590
5848	5848
91514	91514
67836	67836
33324	33324
21958	21958
12362	12362
41422	41422
99478	99478
54126	54126
56222	56222
2538	2538
9560	9560
21192	21192
98920	98920
89798	89798
92558	92558
2756	2756
4478	4478
59172	59172
94736	94736
93364	93364
54214	54214
6190	6190
93870	93870
27204	27204
6024	6024
84034	84034
13952	13952
59630	59630
92566	92566
