200	3363883
51780	51780
68144	68144
28428	28428
43056	43056
92778	92778
34094	34094
39666	39666
62334	62334
20736	20736
70300	70300
63904	63904
90814	90814
90582	90582
4808	4808
48406	48406
26600	26600
2444	2444
64654	64654
96720	96720
73966	73966
98210	98210
42616	42616
4118	4118
70838	70838
24398	24398
15434	15434
69858	69858
46488	46488
99630	99630
72570	72570
22230	22230
62132	62132
78074	78074
23252	23252
38598	38598
99310	99310
87088	87088
34490	34490
20042	20042
63898	63898
1764	1764
24030	24030
5418	5418
70956	70956
36606	36606
11348	11348
60882	60882
73986	73986
55358	55358
50734	50734
96002	96002
55424	55424
6826	6826
75960	75960
268	268
31308	31308
32890	32890
80254	80254
60854	60854
592	592
5080	5080
82456	82456
14716	14716
85442	85442
38074	38074
76244	76244
87856	87856
66848	66848
74444	74444
79812	79812
29928	29928
58046	58046
94878	94878
2952	2952
63962	63962
60500	60500
42336	42336
1248	1248
32158	32158
64932	64932
93306	93306
58058	58058
69628	69628
49188	49188
85436	85436
38176	38176
52012	52012
37404	37404
16260	16260
3654	3654
70572	70572
16244	16244
44316	44316
37274	37274
42702	42702
15048	15048
19504	19504
23840	23840
68674	68674
74238	74238
69394	69394
3102	3102
71572	71572
35034	35034
91338	91338
64956	64956
40686	40686
96648	96648
64138	64138
17376	17376
40186	40186
28578	28578
33036	33036
12658	12658
61558	61558
65708	65708
15450	15450
87094	87094
43134	43134
35384	35384
85734	85734
34714	34714
3908	3908
52342	52342
63696	63696
73552	73552
12326	12326
79596	79596
84994	84994
25444	25444
95082	95082
65308	65308
61744	61744
18432	18432
17420	17420
72676	72676
44894	44894
33422	33422
10958	10958
88298	88298
13570	13570
55108	55108
63148	63148
49916	49916
68054	68054
2270	2270
73170	73170
90784	90784
16524	16524
44478	44478
27426	27426
68158	68158
49794	49794
82496	82496
99660	99660
77968	77968
82664	82664
65384	65384
48738	48738
68224	68224
97452	97452
46658	46658
14730	14730
51818	51818
77086	77086
94848	94848
42362	42362
5316	5316
21634	21634
70394	70394
10180	10180
71376	71376
36820	36820
3858	3858
57972	57972
47656	47656
19184	19184
90996	90996
98376	98376
7060	7060
7380	7380
84390	84390
61636	61636
69366	69366
59288	59288
74328	74328
80512	80512
1012	1012
76316	76316
45882	45882
8852	8852
78078	78078
53120	53120
1360	1360
89408	89408
22922	22922
16638	16638
91610	91610
25412	25412
72864	72864
