200	5012911
71484	71484
48498	48498
79096	79096
74818	74818
66872	66872
89562	89562
81896	81896
46348	46348
52866	52866
9122	9122
70048	70048
98712	98712
7034	7034
33782	33782
87374	87374
82774	82774
89748	89748
48190	48190
83694	83694
27296	27296
32646	32646
4818	4818
32872	32872
72660	72660
85510	85510
47806	47806
70472	70472
91004	91004
30132	30132
70764	70764
8470	8470
62394	62394
81790	81790
98898	98898
49600	49600
45530	45530
36374	36374
2742	2742
42262	42262
3960	3960
13762	13762
56492	56492
3496	3496
62752	62752
17622	17622
71216	71216
13262	13262
57774	57774
18102	18102
92036	92036
91888	91888
21636	21636
87610	87610
88694	88694
3530	3530
35456	35456
50756	50756
74342	74342
93968	93968
374	374
46100	46100
47238	47238
96708	96708
74822	74822
28402	28402
93704	93704
90516	90516
73128	73128
13182	13182
14908	14908
81300	81300
21858	21858
75468	75468
89440	89440
10066	10066
5922	5922
84776	84776
86352	86352
33262	33262
41880	41880
46750	46750
43662	43662
93158	93158
82446	82446
54134	54134
14554	14554
6366	6366
39686	39686
61014	61014
35690	35690
58082	58082
93686	93686
96814	96814
56652	56652
78586	78586
41342	41342
1132	1132
4678	4678
17108	17108
2014	2014
34820	34820
980	980
7374	7374
84704	84704
16106	16106
19774	19774
83354	83354
11882	11882
44424	44424
70360	70360
12118	12118
32880	32880
93164	93164
97470	97470
88988	88988
76732	76732
54224	54224
37658	37658
59578	59578
66054	66054
69446	69446
87028	87028
96046	96046
68724	68724
33116	33116
17472	17472
17428	17428
87676	87676
20466	20466
71654	71654
24504	24504
81004	81004
31576	31576
33166	33166
81208	81208
42952	42952
74490	74490
37646	37646
80250	80250
68484	68484
25212	25212
13974	13974
67460	67460
80850	80850
20352	20352
98058	98058
42664	42664
78996	78996
40086	40086
24652	24652
2702	2702
56002	56002
21390	21390
99432	99432
4788	4788
7552	7552
25808	25808
6152	6152
11026	11026
40040	40040
55178	55178
6574	6574
90402	90402
98780	98780
65210	65210
97404	97404
82986	82986
38210	38210
22278	22278
1986	1986
4014	4014
30784	30784
44746	44746
96096	96096
53884	53884
30160	30160
80628	80628
60684	60684
4862	4862
26414	26414
47966	47966
99478	99478
57414	57414
1270	1270
96080	96080
4898	4898
99998	99998
58594	58594
28784	28784
42012	42012
28552	28552
5378	5378
33934	33934
11332	11332
60244	60244
26462	26462
31928	31928
31868	31868
75246	75246
97656	97656
