200	8875815
45852	45852
53484	53484
45578	45578
57948	57948
6658	6658
46814	46814
97100	97100
86592	86592
56400	56400
51772	51772
41684	41684
43586	43586
43614	43614
38656	38656
89394	89394
32690	32690
57114	57114
76678	76678
6402	6402
21316	21316
85778	85778
23212	23212
87456	87456
4324	4324
2186	2186
19550	19550
61918	61918
49082	49082
18458	18458
56746	56746
41888	41888
290	290
58314	58314
84710	84710
65848	65848
34878	34878
9096	9096
26500	26500
14428	14428
88668	88668
92442	92442
51304	51304
98234	98234
73980	73980
57354	57354
47376	47376
57402	57402
27098	27098
89330	89330
93622	93622
37882	37882
96816	96816
86968	86968
17036	17036
80060	80060
34038	34038
92514	92514
85694	85694
2018	2018
19686	19686
3972	3972
35776	35776
68144	68144
15186	15186
64194	64194
64814	64814
85164	85164
95634	95634
13938	13938
94082	94082
11404	11404
89634	89634
80744	80744
50840	50840
44766	44766
81602	81602
33688	33688
87062	87062
42608	42608
30764	30764
2798	2798
35896	35896
25616	25616
30940	30940
8712	8712
99782	99782
63022	63022
20804	20804
51192	51192
95022	95022
80644	80644
17074	17074
89886	89886
8934	8934
93166	93166
96114	96114
49356	49356
60228	60228
47654	47654
84396	84396
48172	48172
96702	96702
73616	73616
64488	64488
6216	6216
25930	25930
63354	63354
74908	74908
93192	93192
88998	88998
99560	99560
77594	77594
87950	87950
36980	36980
28280	28280
3554	3554
49952	49952
94106	94106
14288	14288
7242	7242
20952	20952
62950	62950
10852	10852
36772	36772
35048	35048
16026	16026
45280	45280
60004	60004
23568	23568
77944	77944
73500	73500
44348	44348
45918	45918
37558	37558
94928	94928
98020	98020
20590	20590
91824	91824
86422	86422
22874	22874
24170	24170
85066	85066
10468	10468
58260	58260
61758	61758
93708	93708
65150	65150
96276	96276
77394	77394
99004	99004
49126	49126
9604	9604
87934	87934
62652	62652
51878	51878
2314	2314
14570	14570
98464	98464
33830	33830
58784	58784
11988	11988
42898	42898
67540	67540
16670	16670
79378	79378
96420	96420
68740	68740
94478	94478
80756	80756
75240	75240
59046	59046
61864	61864
50540	50540
38218	38218
47908	47908
58796	58796
89260	89260
28492	28492
13832	13832
48654	48654
35408	35408
44534	44534
67260	67260
12940	12940
94388	94388
33300	33300
65776	65776
53620	53620
29992	29992
27104	27104
68628	68628
60216	60216
40770	40770
13038	13038
24052	24052
7218	7218
75658	75658
60184	60184
97106	97106
99430	99430
