200	6089647
81266	81266
12602	12602
67122	67122
78698	78698
94696	94696
2324	2324
11462	11462
25352	25352
66974	66974
972	972
3596	3596
58938	58938
99370	99370
14480	14480
39910	39910
77284	77284
81724	81724
92786	92786
66092	66092
96426	96426
71406	71406
6422	6422
72794	72794
40470	40470
40760	40760
11910	11910
15650	15650
56874	56874
38474	38474
25914	25914
8602	8602
66592	66592
18096	18096
18172	18172
93094	93094
43656	43656
43818	43818
36232	36232
58394	58394
11990	11990
57494	57494
24086	24086
9140	9140
92948	92948
86042	86042
47374	47374
41378	41378
24134	24134
75352	75352
17820	17820
2082	2082
93442	93442
91324	91324
14720	14720
63950	63950
97370	97370
30362	30362
32652	32652
59600	59600
47788	47788
30136	30136
20954	20954
9176	9176
53962	53962
78638	78638
72910	72910
81668	81668
24	24
18806	18806
49296	49296
24514	24514
88872	88872
16674	16674
59804	59804
98642	98642
56228	56228
10642	10642
13786	13786
46164	46164
4330	4330
93992	93992
47402	47402
80346	80346
14024	14024
20948	20948
52176	52176
3214	3214
68066	68066
53178	53178
97654	97654
39626	39626
35538	35538
4330	4330
99792	99792
2838	2838
11592	11592
29482	29482
38516	38516
13986	13986
88564	88564
33052	33052
70810	70810
93664	93664
24782	24782
39312	39312
6054	6054
60050	60050
13628	13628
92782	92782
19552	19552
8456	8456
24916	24916
63522	63522
91330	91330
54208	54208
45936	45936
64566	64566
96506	96506
34660	34660
25446	25446
42748	42748
73102	73102
35136	35136
16174	16174
6754	6754
17762	17762
1668	1668
46762	46762
11602	11602
98480	98480
69186	69186
88294	88294
23948	23948
8022	8022
8474	8474
6590	6590
85520	85520
27886	27886
61812	61812
29486	29486
2196	2196
55194	55194
420	420
48672	48672
56596	56596
35310	35310
81354	81354
31152	31152
19864	19864
86832	86832
56210	56210
27590	27590
97664	97664
16772	16772
23004	23004
56902	56902
22782	22782
78748	78748
88814	88814
17326	17326
44610	44610
50932	50932
65892	65892
32756	32756
51708	51708
97444	97444
6504	6504
81994	81994
88936	88936
3400	3400
51410	51410
53420	53420
46254	46254
95120	95120
4132	4132
64902	64902
66844	66844
8750	8750
47228	47228
36256	36256
49636	49636
3522	3522
29232	29232
33198	33198
52130	52130
22830	22830
58864	58864
45594	45594
35310	35310
80260	80260
61162	61162
40238	40238
14856	14856
91050	91050
96648	96648
23392	23392
38694	38694
65064	65064
42746	42746
34570	34570
