200	1678452
25040	36416
37001	46543
33545	16146
9036	20820
17566	28676
10535	42076
16489	43060
26829	7027
44168	45164
1706	45230
10115	43046
7107	24810
17834	36171
12643	36924
2826	22105
49578	36542
20947	36262
26116	15984
48867	10544
13343	7399
21477	44416
2699	523
40373	9990
44619	16676
28794	8451
15208	33191
5995	49882
49535	915
34127	47887
13481	34653
11991	28348
31082	12678
2018	29371
16826	4267
25654	35089
23802	41418
32926	27088
4254	3611
24590	35071
2286	22436
2535	38738
17803	13957
37970	28388
28310	39736
12235	25263
25200	32980
13965	26676
1522	19591
27939	8536
33767	33628
32475	40176
34514	30260
462	16183
49329	2727
28666	15194
42195	19896
2743	37507
27424	44588
17603	35116
6587	2109
48280	14235
24120	23927
15626	49030
47117	6654
18739	38835
38934	22279
48897	48180
12065	41563
21210	48832
5745	8309
12567	15878
16147	17408
16431	36445
35469	10679
31871	6227
13172	35598
44739	44136
12189	35753
3863	3401
43444	33740
28512	44947
5061	22269
33806	18514
7256	34185
32645	367
49962	30664
27480	4069
11482	46730
23274	19047
7398	25175
26891	12255
47551	639
21506	26513
35300	47206
5518	4185
13425	7382
7536	6835
873	24463
19617	13615
27328	19522
3351	21202
17191	34656
35149	18106
49147	25510
14341	350
31123	7353
18584	20877
27166	36797
3165	20714
36112	13738
19531	47540
11614	34171
37265	19772
33385	18527
22880	49837
23031	988
14461	39768
30728	7403
7326	32521
44947	5713
13590	35186
2413	6720
6523	141
39507	32771
20013	9158
23756	23446
12288	12648
12036	39753
28876	44175
3677	1022
2374	35530
15011	36855
9081	42185
4446	33014
5838	4706
10969	36653
8053	5709
46087	22535
41094	5989
217	1970
25672	27886
43126	35361
31961	16561
3799	29405
11075	5722
47280	48822
4332	19088
14925	32376
11410	3083
37991	13395
13081	28642
32846	43357
14309	34859
10704	5334
46444	23749
23565	23016
23048	24083
34649	2516
26202	16404
42184	41482
10261	16323
30470	7247
29960	29715
32080	30475
43592	40017
21592	31762
46198	37131
42240	36955
24999	7098
7165	34975
1997	40519
45470	24876
45433	3034
11794	13182
26436	7431
19976	49950
12459	45777
44570	46495
48072	43154
14125	38526
29902	11992
38305	30394
11247	1825
2049	17781
16235	42194
1637	36682
28062	22585
12924	41572
8302	48330
26744	25712
260	17190
10126	8421
33848	44935
6284	21800
45556	30541
28806	32283
15510	12356
37674	40843
33121	49119
881	5463
