200	4393735
18339	47172
18120	31656
38444	8478
32733	32890
30864	43716
45410	44367
39369	34060
42262	31707
6392	38918
382	48292
16210	31558
41298	17751
31259	9978
3957	39276
37016	5492
23707	4363
26228	20025
33107	8209
14296	21943
27662	42470
13996	18822
35768	36315
35593	44046
5536	41441
32180	32470
17162	39553
10877	2745
49103	18885
44631	10212
46509	35895
19349	18071
6442	15993
45583	26501
43802	48502
10953	37599
46251	42719
8422	22218
18519	7290
11273	20533
16361	33265
45649	17899
22176	21172
41326	36390
16718	29801
28109	19272
18404	33417
27855	42516
3490	44417
2090	35726
30853	23395
10458	10753
14744	40366
31125	30093
21806	41624
39889	29774
379	16017
23430	40984
25408	29091
45435	16663
9344	14553
14149	20420
22756	45637
8463	35201
12732	32200
8910	28832
7076	2459
40393	4662
41930	48271
34840	25505
12537	11001
42673	46604
7979	28027
38820	28476
43398	463
27886	48953
30860	5258
38852	42775
32452	41748
37174	32267
31333	8436
17297	36180
48280	30424
7606	26205
15958	46130
13457	23598
36193	36169
21280	49493
322	26885
45422	3570
16508	35077
33652	30833
4096	5497
13068	13611
47324	12303
9502	28137
44510	14858
4384	32401
36569	37014
42379	29957
25926	28141
24964	1447
28939	2761
49259	33580
37587	44311
492	36039
35709	12264
27395	6429
7076	36437
22223	4548
17373	18723
42201	34936
34207	1505
6484	31073
38674	17619
5394	26221
24898	45988
24682	25573
747	37078
16587	14759
3291	35112
11583	12306
13726	16125
8426	39512
44547	13311
27528	36729
20985	33729
38549	10097
49700	7190
3726	11708
4641	29207
27712	37077
39776	7
38100	2917
28568	35794
2118	21344
39914	49179
37485	27275
28393	40563
4767	27414
46681	16950
8568	39914
18724	26130
31711	37799
9954	8346
33510	28772
37608	17451
30197	2239
17161	32187
34892	39349
32196	16360
25140	8643
2197	34489
16139	14014
35832	33384
1900	15887
28448	33820
30802	38617
46613	16463
35358	1732
39747	41958
48639	33749
6120	46557
6805	49991
23773	41302
18509	2222
10633	2163
34171	18353
25782	27356
28358	40662
9289	44874
34197	46811
1076	32053
45870	4858
8284	5150
2348	32315
30485	159
9627	34216
12648	12594
20239	40700
10869	27794
33495	36627
40496	27144
44414	860
25314	5423
38364	26553
2825	11513
20428	40931
48698	44772
43798	1836
20018	44724
4933	42806
11972	16665
6498	39172
16673	34883
10871	41655
15760	13787
3946	39044
14155	14200
26254	17907
39143	32714
