200	1627369
4107	46614
48140	39429
20838	24606
24584	22203
673	22583
8674	6060
41269	31932
47842	16239
27477	14275
26434	12684
45413	16902
22673	35029
26072	11202
17168	21117
11102	644
9902	6237
15498	5399
32566	13185
19339	39409
18520	33512
34635	17628
5571	45931
10421	39987
40957	38205
10227	23793
36713	48225
40741	2818
21636	9031
46825	11216
42844	1412
5898	23998
43196	33816
740	1245
44488	16066
25195	37746
33229	15013
159	37091
19344	247
19729	29216
41321	48095
33524	47049
17815	29380
28150	13700
11663	44428
17061	15870
37174	23250
22895	44135
38529	39499
48924	46876
43838	41553
49361	42595
43985	31932
36063	26714
46888	26305
21463	25884
14976	21324
34931	12529
38167	15507
13492	9306
36810	49929
32461	17949
29416	4860
24454	29259
4768	4726
12524	36593
10508	12241
46125	9683
47768	28616
19646	24604
49475	44337
49002	3334
26530	14114
2107	4097
37494	12873
30065	30941
7453	30224
17250	42324
10147	12076
37154	4395
7039	39251
43736	35545
2546	41341
46135	20086
11641	39423
34919	14966
19551	2062
12254	34955
8464	23488
15557	31172
41328	33341
2303	5826
8420	49027
28574	38412
9633	15392
1732	5386
21504	18098
28716	43818
19504	34074
28033	36766
44870	14402
3818	38342
33428	34466
17461	42782
28705	22752
26585	3380
36315	5664
15268	5072
39973	40028
799	35107
38442	40449
27395	8382
34564	49161
48235	34739
39925	27919
32076	7988
44698	24276
47553	8837
37042	36572
42123	16289
39290	7423
13448	43977
10181	15736
15879	46144
17570	15172
12227	6202
36773	12493
11805	41868
22682	45636
31256	41535
41171	1464
23869	4716
26077	25001
37046	12544
24947	8143
38829	18098
18570	23935
44540	43610
2662	43934
29537	1715
28826	17631
29095	6129
31133	14790
22444	35819
44392	28093
48004	43058
9544	17561
1901	24880
36531	7192
6105	35533
18327	37303
11881	22204
23807	38880
23166	38116
41394	30293
21694	41170
23925	15084
40191	3119
6288	21549
16718	31332
28254	24058
5684	775
10198	48222
33536	20490
17377	605
43946	1840
2015	39219
35973	21292
17350	13573
18169	18189
12789	8062
5667	38418
16155	28616
15035	28570
14977	5638
6971	27599
12916	210
5121	16460
26359	12892
1633	15129
9745	41671
6608	23148
1495	48401
27652	24985
25437	48147
7690	1134
44533	6817
30436	42590
20448	22512
28027	46778
39372	16631
29132	9616
16039	35933
47371	13175
40000	49144
34181	22710
35985	35294
5198	8641
32924	33799
622	34717
49906	43238
