200	4092336
10141	30887
34011	11980
25952	29747
31117	40185
26210	22230
23670	2492
20345	26504
49988	31084
29054	26056
18797	7559
27856	36168
38476	11957
2706	17286
38113	27045
29641	41530
7642	30543
2382	7239
42167	4380
3365	46503
6730	6865
20781	29054
39049	1770
2559	36409
8249	15554
29201	42742
14393	9355
12372	37320
9103	41910
24774	22806
41096	20791
21814	29258
7073	32542
8499	9394
3899	19121
29819	24257
27537	22531
31119	19574
9250	5395
47558	4817
32392	3210
36970	3679
40582	29632
2227	28569
25839	28906
37584	24232
27031	33861
5448	22622
4743	30354
17524	35400
11449	31381
27060	19070
35018	6728
41762	45160
4287	31228
15047	44553
12804	10656
47278	24851
3239	14294
45817	38024
15453	6345
19526	43231
14835	47445
47062	36107
28879	15082
30259	22953
33148	37135
13155	15000
14890	10754
2	35248
20292	25855
18353	42212
10673	38575
29398	46933
29040	36009
34794	14291
5469	33668
25588	47851
23403	42493
1614	31295
20731	28290
7072	31138
2728	3599
7981	29324
29297	23562
30352	47602
20098	37942
18473	41517
31199	45775
42864	29176
44392	38150
43797	24234
48935	13224
1296	41569
36320	23499
13279	22166
42357	348
29513	632
10768	15963
21286	24489
38084	32628
33676	49716
25376	13485
23891	47880
16527	6361
17594	7926
11244	28624
34452	38804
30024	9249
2640	22506
45773	31305
27763	39211
39350	13366
46372	16578
38079	29771
31036	9500
19447	21435
30039	40766
13820	18526
45295	26544
26968	7046
15804	6305
41062	6873
40670	32931
17089	30248
12401	8859
2596	5688
25471	47352
29589	17190
19435	9223
45941	5545
10266	39090
26690	34291
32539	5835
37633	33878
1049	39413
49493	30016
24682	45848
43939	19829
21883	34752
2738	27785
6641	7913
33704	20406
32963	23226
33014	39788
45025	28843
38408	46166
43394	48489
16333	6141
11970	38148
16683	26960
14588	32983
26999	2352
36485	38419
3124	7711
24139	34232
8349	24471
38363	44254
47024	7534
26051	3419
30312	12329
19274	38513
19716	37599
47470	45536
9155	36453
27607	26887
14440	22405
7792	28965
41079	8939
26	3935
8405	21228
43215	39733
3199	12058
14555	48105
4983	39963
45746	1596
28926	32762
42539	2657
7037	49577
231	26216
2123	14934
14835	21315
44905	44816
33477	44895
36755	15608
30554	42954
45776	6574
34018	35634
29396	6005
16310	18087
1109	1036
2236	4902
3564	8415
38507	2590
42942	22455
48609	11938
43835	2544
8435	13078
352	10596
1014	16882
312	16526
