200	4090989
6295	29220
15830	13722
44805	28465
15960	26973
43046	34970
20209	35495
45865	10222
47002	18661
14127	48138
16284	23570
35863	8881
11913	34165
22228	10722
23734	6880
11909	27777
17431	1265
4234	34143
30248	16551
33696	24143
7719	12725
30421	19469
39527	20324
6697	17372
33114	16588
8046	37437
20572	7765
646	18360
34236	10143
48731	18463
27466	31791
24774	44466
47321	46083
3730	1467
28014	31209
21615	45769
43733	24064
4227	46377
615	11327
30403	13120
21578	22236
8634	36434
35113	37138
155	6802
8099	5028
15636	29347
29574	26576
35820	42870
3614	18296
6368	32414
21397	7028
25446	30895
24536	15025
43268	3984
11150	16438
44171	11735
47523	28947
14829	44001
22783	18700
15471	40045
44100	21723
28018	21336
31003	39118
38061	30122
31444	20793
35642	3118
10015	9614
23545	19324
72	9827
13198	19173
923	17057
38143	42448
49247	19098
17019	39581
42500	45155
27248	38591
38543	28598
5462	495
3993	18751
35592	43489
40448	40475
26378	38541
19982	30170
37714	38766
5509	12509
31497	40761
26497	30343
23179	11224
2658	32748
22556	40150
41031	29129
13517	5560
41128	12518
28482	27
13046	36383
21647	23995
36196	2026
7389	981
17669	7303
32156	45693
28189	48329
40996	36808
10370	49353
29454	10230
21629	25321
13377	34198
18128	18388
23813	49592
4286	28686
46724	49010
23357	21368
15052	44009
10532	24304
40234	15832
17942	39371
5577	26011
32209	24101
39244	30196
16195	40254
28067	39083
39674	23050
34464	15061
25620	13985
22633	28915
15254	30568
24965	23173
41005	15133
8824	23123
26922	29517
20844	32248
41560	12509
41375	21246
3771	12779
39863	36473
37898	29494
38240	41559
2944	46523
43824	12057
30707	37542
41720	37282
20078	17092
15963	20949
45044	11961
11160	31511
29206	2236
21533	42853
43313	13689
18044	10339
169	38316
19775	23585
18362	28095
18626	31749
22675	49225
23969	49203
18679	10755
28416	22899
16018	18250
39676	3599
2521	20883
18402	28281
13954	38833
40871	38054
15128	28904
40956	2177
2769	28953
40060	27400
41137	32976
16758	3327
9373	49238
1846	22492
3525	26996
21006	12302
23762	16162
15735	34006
46076	22801
30203	42418
25782	41388
17643	23136
17552	28427
33660	1004
27913	5590
2341	19012
961	14917
41100	14974
45099	17805
17604	28651
48615	43182
27908	16711
44283	8378
33134	10572
35210	7259
25455	45645
40720	2978
22928	47833
38165	38985
9164	21694
18024	3632
33910	5695
41042	11187
42462	8616
8578	13792
