200	2538707
47499	29600
24223	36679
40447	46744
41195	27072
40807	37237
22779	6320
28917	40644
4608	22324
16860	43233
46979	30087
18183	13036
12642	29173
5272	20672
5091	5314
550	13543
43251	21643
15703	23009
16724	10881
21821	27662
40000	29256
17897	18315
41448	17328
8988	40454
35489	46334
7300	19694
19086	8917
18417	4178
39504	44642
42373	34420
11560	37515
46025	43612
40189	22858
21373	39878
15702	38653
41041	1026
11389	8628
23776	25164
35016	34185
39272	35014
41462	10450
44759	1577
3923	17905
7444	49993
22227	3603
5305	24931
5584	38649
32669	9171
24028	11301
11428	30518
5196	34450
21550	16539
40268	49042
40301	428
37302	24112
21712	35014
14004	16115
33802	21832
971	64
3116	27992
44680	8967
43410	42124
32848	22218
9753	14827
48154	33246
13150	44754
18470	36065
35819	12756
8232	4506
47517	31216
22804	22555
40629	33993
5270	23626
41449	45643
3356	22639
49114	5327
39844	18956
26385	32779
45962	25971
31450	12129
46544	46070
32849	34268
12880	45849
44051	19217
35889	46888
15904	30629
29991	10852
45249	561
46201	39388
48570	22131
17496	11521
48988	7959
12612	16654
18177	28245
27322	48921
23504	46908
38621	45865
47456	25099
24803	13806
23441	38033
24433	46757
21915	25058
29585	5891
29043	31595
19661	40633
24381	33615
49343	27189
14493	28648
8955	3589
42398	14684
8284	8944
4669	24778
31342	31115
6335	11332
16471	32877
10257	41135
15719	22388
20029	43894
36299	9477
38913	782
43194	10102
19017	20160
1916	8761
24259	33562
20954	16227
15401	38703
20514	7637
16814	35374
41877	48825
27487	11369
19344	37029
10644	4570
1069	49599
40177	38115
38356	5208
46269	19268
30184	24106
22665	32982
11915	35156
5254	17271
13232	31551
45133	9754
20335	45508
44766	9275
9743	4756
46333	15632
1495	48538
19573	44304
40419	5791
40658	35404
39927	11222
36799	25425
9230	4763
24681	5047
10231	18567
42635	45263
45568	25056
15878	9590
9319	29267
46113	48545
15911	17278
6525	43420
4657	48565
11406	27064
39620	44610
31997	31117
24405	30202
10682	40520
13393	41080
9313	31038
40655	34591
41579	30678
40980	47404
4495	38205
8478	17728
18308	9346
4044	22373
42163	37836
22328	19506
41503	40803
41284	44006
42538	10733
18244	18390
11528	11761
44187	228
40782	5965
19807	33879
35953	41765
17824	3714
41492	9422
45229	11168
26293	20841
3285	34770
34834	842
35128	23999
46954	43196
41691	15494
34325	46949
27200	14350
30074	28712
32810	20413
