200	2751324
46320	47114
13005	46899
47400	35668
42876	38427
33955	31688
31149	40594
38535	36236
40440	33324
24315	40583
42932	14328
38369	31549
20791	44251
22689	46154
21559	44150
44045	9802
49445	39161
19849	22704
13577	16257
17079	2854
11495	9264
14556	22816
28774	14316
1870	16125
1930	39342
31614	38118
12799	1372
22987	42679
19559	13069
34871	24739
48055	27359
5632	49961
39355	41880
45261	36594
47132	41284
21181	38274
30286	11501
41541	4936
31159	42983
48063	42702
34746	46038
11715	39574
49143	43196
402	41568
21375	43693
43286	7805
17231	32997
34751	21091
24967	30904
49131	35942
12124	47810
14276	1064
7986	22631
39644	10689
46638	19177
10068	42452
15755	4509
6775	45810
10155	42447
1301	37946
26168	20529
44775	30078
35406	47489
11505	47219
13589	607
24237	24617
320	2378
13542	18254
36355	40822
46715	20532
2397	18023
6784	43957
37020	36468
25621	29492
10049	42068
47408	24616
4696	26938
25841	32277
36984	2746
3483	2000
43650	23104
37136	44111
25371	28675
3034	43174
15610	36724
17746	18238
41304	34869
25482	28003
20226	47713
39010	7593
11792	31074
13680	7783
32168	32036
7171	11597
40948	38878
22882	2112
30224	13484
43925	44459
49948	17109
22022	8267
25765	35402
31666	21891
31649	39225
26200	13948
35660	7979
19108	47078
6826	44343
26968	35237
44463	33307
29722	17181
3169	15103
32763	14079
34876	11747
45583	1570
28625	19520
2484	6661
22571	39426
8049	19247
18273	39148
34614	4680
46389	38814
2563	38157
42556	27666
17690	46781
37253	42238
19031	29608
23423	38907
21671	43548
15616	10437
32182	30835
36197	20502
16401	675
47628	19173
40378	6918
22526	44185
33018	34925
15922	49630
23057	33398
40733	40985
36406	29389
27551	23370
24285	6473
42777	24255
24056	38327
32555	49614
19496	13097
40663	6296
39216	33092
46116	11081
20603	10188
33240	858
40361	11111
11	24159
10878	12799
41456	30269
31919	27662
15697	49528
2495	16628
3030	7095
31248	38535
11613	23227
26780	37916
20843	29307
4264	22086
14189	17885
4397	48338
11377	48853
2185	36901
13660	45362
12966	28426
42373	7715
13945	25182
5689	32621
40311	19866
6982	2767
5252	18317
30828	15348
33048	28347
48244	13581
10468	11491
38242	40208
7427	49900
12295	7952
49639	37942
3574	591
40042	47775
42671	49595
31172	22176
6028	32188
19595	31076
161	3303
37680	37842
43574	46084
33766	43583
34749	19202
38968	15781
4914	9525
22272	46438
30807	4853
39314	39239
47799	47367
