200	882220
35718	44641
5392	11300
47170	18362
38745	14466
35036	7515
19919	16098
11993	6708
49519	42358
47314	38235
9111	27532
11853	46266
15131	48715
25210	27073
895	21991
21719	39381
37022	30644
1624	900
33059	36092
40897	39419
4271	30937
38282	45755
26610	35636
10818	42549
47189	44453
11210	16643
453	18773
24876	44643
37649	33710
35303	8463
12785	24037
15475	35818
13007	27987
18720	48311
49762	32780
33048	45723
20198	21289
10244	3218
22466	37514
48956	9685
2838	43230
48683	1577
46867	11807
11835	7049
43587	46737
24922	1380
44878	24982
30522	38956
27743	32964
10564	20986
2567	40546
560	11471
32466	32359
11378	48654
40983	7929
4370	463
17570	17461
9009	37847
48492	18756
16186	39570
25872	26055
33391	43623
31344	49318
47143	5415
16154	37457
44346	28964
13057	26354
16097	29546
46622	44897
2952	34691
2113	37669
8348	1194
22726	8199
35489	28363
49954	35288
41123	3108
3520	35122
25658	15719
18139	15509
36174	33054
14048	47169
31120	32917
30522	28118
27223	405
38436	33316
49707	40643
7569	22420
40433	30023
45895	46893
37523	20230
34380	16987
11775	20862
25730	648
44404	48355
8970	33308
27650	8116
25629	30379
39850	35321
34621	14755
11535	14029
36138	27905
47392	37298
35677	11773
18727	29005
42237	4101
6379	37570
17756	43183
27408	44847
42890	2569
35167	39336
3616	30137
18041	14537
11815	49001
11642	30205
16803	20041
23418	42275
38062	25528
27765	9152
29864	29017
33936	31623
28621	18293
46345	13940
26269	26180
44382	43080
19818	31450
44164	21591
26007	28411
33939	16348
40518	36418
4509	28000
23349	15563
16211	26413
35703	47245
44058	18922
17397	22142
31794	31583
46694	32331
9976	12997
15248	29289
16400	37436
9006	24727
45345	45844
22982	2874
5983	239
47997	4462
13497	44274
21353	32791
17529	31229
20488	42331
16170	42842
4531	20
21165	26546
3995	40761
10918	27120
28854	42956
37300	47601
12013	6762
15193	26325
2457	15508
9985	35976
13929	32738
18332	3865
16942	44327
41683	39075
1590	8556
23175	37769
11614	9723
7996	21143
6373	14947
36095	8874
27971	21616
11896	27604
27643	1597
26524	43921
18436	47224
44452	37950
49678	27316
42831	27559
34777	7661
22886	36949
21456	8660
33485	4224
21640	32031
24147	29322
17678	6625
27483	7951
45190	49353
39869	22074
42288	16836
15524	26414
40898	25711
26596	7383
21438	42506
13400	35399
26545	27484
11018	30388
43211	5085
11265	16550
9963	40177
7810	39912
1170	6120
