200	4316969
38800	11601
22974	47003
34240	34383
36110	41213
27477	18495
48022	27538
20999	42809
47473	4115
41763	40545
6595	19542
35570	39231
2007	19585
10896	42697
36792	18378
24154	44752
32846	14321
5494	18804
43493	24950
43163	16234
24422	40888
10035	1463
31261	38379
4734	38171
15791	36570
14737	5328
22479	43296
28360	44751
14685	9705
25177	21154
16033	40762
35814	9833
1319	17354
4648	39229
34013	5189
46592	47391
36287	6165
26819	46568
36863	38104
11880	48424
20795	10505
25156	29219
36659	37077
32166	20789
8563	31879
22399	44180
27510	21277
29211	22553
30619	670
12107	37837
43132	21897
6392	17924
4620	7239
38907	9974
40438	40564
22378	28987
40630	22826
38069	31434
15254	41233
49735	18304
3822	48306
38666	47691
42765	25543
38234	27562
18090	13323
6708	44102
29739	37709
37013	2728
29713	49694
19102	9445
47864	36050
5079	47922
33325	1473
48819	29536
14097	37603
31303	7244
45356	5020
26804	21466
28922	9241
43879	48708
4656	15469
41910	35116
3171	20521
8571	39204
48163	20789
39907	27986
5813	3148
47773	26150
34712	41801
33320	37275
20911	40887
17275	23307
49003	31826
44153	14535
23682	26872
36698	28251
14632	46823
39366	20630
48476	29773
49413	18148
25656	17672
40253	16001
23140	23046
11085	33480
36574	29817
23512	34162
48344	12835
34426	22860
1563	47807
9443	40521
11000	45524
36465	15383
46037	23021
33196	46883
33910	36050
9904	3528
44221	48158
3703	31206
35711	14651
3762	43974
39432	35530
2080	20950
12378	18328
48177	9564
46480	10969
3641	5442
9578	12396
21217	11800
35046	20874
39067	20947
26648	2299
33700	13697
31579	34950
39011	21458
28296	8065
39334	35429
39828	35510
37200	695
3545	41602
25973	18218
35215	42007
27058	35785
48717	5362
49289	47159
48559	3928
38958	18231
4301	24238
4264	21310
45738	43693
41406	44316
29798	49766
9838	33715
47209	10475
14194	2397
20898	31025
25146	5432
3391	48471
1397	248
13117	40460
35051	33680
4648	6630
10166	44528
25629	14865
3339	18299
45277	25745
41040	27658
33661	42332
36735	16512
36992	14628
19876	5506
36958	22010
31147	12578
28422	20991
8115	646
38950	46175
46480	34364
30151	33663
21299	31213
49484	18116
14096	47442
24855	2700
26417	11017
34560	8239
21538	19115
6851	32636
20959	43061
19729	6233
35513	9629
32205	21999
42815	21691
25649	40351
15384	38263
33717	47010
19771	38683
3619	3248
32400	46343
6156	10970
30355	23249
30292	28217
23424	35671
2350	972
