200	847274
38263	6364
6031	39469
45978	42567
8725	29046
6100	9161
9357	29816
45521	20282
11661	17183
20362	6391
17447	14549
42651	17884
38862	1844
6597	42808
37906	26821
15478	29921
24462	29216
49120	26013
5133	40613
17661	2905
35256	11542
31774	11103
37122	42144
48961	27209
39947	18019
5198	10682
39841	19074
17061	16171
16833	47294
33755	1001
3712	12335
19005	3695
33402	49426
38761	27809
12692	1907
6853	30746
4843	11945
17999	18934
33274	17409
22040	39521
46575	19610
3819	20419
1984	590
43180	31217
17524	43481
13151	33547
11620	17377
16763	35366
7286	26249
14326	35540
27443	9537
42770	29302
21775	7066
28735	19453
13704	32994
41252	26441
49695	11808
33492	22428
31638	12395
13972	38051
8253	21190
19523	13343
10992	40900
13898	33725
25789	13913
12019	48205
3125	32062
34689	48851
9862	47924
35299	21744
12040	41459
45875	42056
42389	34316
36279	20173
23358	15568
32605	35327
21081	10494
44982	42438
30021	37712
35180	10223
31640	4275
35080	31082
13911	48123
25196	34584
45144	45368
25025	29972
18290	32661
36945	47583
8603	27184
19214	25438
40160	39412
2816	16365
10085	43562
8724	37835
26341	25995
5737	32578
45526	13963
31978	24149
14051	31294
34704	28188
34486	14510
13825	6401
37316	40399
37136	38892
36836	42736
45678	48218
36989	11488
40298	25854
10116	25040
13481	46303
9424	43484
11539	47950
1925	7946
15867	42265
7123	18874
31841	16059
21305	28885
13177	9775
23362	1808
32986	10987
31753	39687
4513	960
40892	29966
45173	44381
19126	18828
49476	2717
6103	3422
5506	41569
34807	7366
26081	29987
4447	37122
3955	36667
18980	9652
35578	15992
24385	24480
19932	38395
29740	17424
21636	16587
47996	46080
42260	20488
4290	33641
30887	44434
5165	17107
16780	29131
40985	47485
18107	19222
35691	33056
15469	18037
25959	17668
11569	19844
13310	442
14872	45549
45511	12454
43383	13705
21271	2204
26888	13585
19199	9433
10724	27608
17214	11553
13179	48438
4407	8778
49556	40344
23175	11029
7248	34802
44953	46407
43215	37438
11688	6668
12741	15489
19994	33810
25305	28440
1357	12891
23718	5968
34215	15904
41572	39969
46437	31503
33875	43527
18319	46224
25751	32143
11210	37863
4203	34294
9339	20667
21655	33346
25124	47899
13540	6751
28289	20643
45587	35871
25917	32984
38355	1422
44451	33118
39947	22744
37801	45133
25535	15536
7186	33996
2555	23770
25002	620
47747	6884
14909	3495
4045	30910
24756	1262
15199	35827
6796	38112
