200	1603481
41776	42318
1294	1804
21650	22498
35954	39078
14641	14402
46512	39141
31065	18832
6069	32431
32863	41537
31223	5596
8134	23748
4676	9980
13862	32741
48529	45247
26788	24970
5608	5416
31382	40599
47807	30997
34199	24289
18632	40443
20387	170
32030	14143
27557	26492
22789	16162
42450	41992
14720	4184
31435	10452
1906	21028
45354	23715
8183	44856
37804	46666
5247	25260
28931	45902
5455	32262
17599	27337
21914	9300
5537	49484
46725	38554
39807	32644
35904	29005
11324	46754
12976	8943
6738	21520
46070	23636
32466	28100
10700	35576
7830	37230
9728	41043
7490	9736
29935	10865
28951	27637
37873	48116
3794	17132
19203	38793
1633	13223
24444	11601
13311	47082
5997	49213
38545	41301
12859	28542
14155	24297
30140	23385
1003	685
48622	49749
47700	1913
15120	4576
20347	7214
19264	40990
1612	11734
19851	23027
2942	312
30097	32377
29855	8734
32718	685
4847	29721
8960	5403
31674	13131
30744	2979
48185	18903
32826	12115
8445	5361
109	5485
11886	41445
30782	9410
8461	436
47239	34864
49456	20136
38574	15569
40676	22992
868	31599
33072	46483
16980	32784
37432	16517
13386	40872
32695	47783
10918	1688
12873	18273
31910	49137
33458	6533
1697	20671
25183	10939
2548	28157
5863	20899
2660	23325
4846	37626
7673	26577
4936	10581
141	44504
47256	14518
16562	4084
15472	48939
19145	27335
41015	47590
8066	48434
35368	27505
7686	16661
21377	9456
36773	42016
38367	14638
6327	19382
35605	36184
25292	32128
10886	18869
17862	29102
26578	35917
46208	7440
30449	11629
9333	16755
46292	12490
38265	9645
45947	15408
48592	9800
33856	24607
46434	5229
9777	9320
3656	13036
18605	20688
36315	7962
32258	30364
43476	42333
27498	23542
485	17066
30606	253
32997	44958
21079	17218
22141	13888
22189	37208
43034	43845
3884	18820
17749	22104
37673	20565
35900	19938
15164	49189
39435	34229
20095	2604
30054	2177
48786	43998
48473	27148
8134	25008
31791	32770
8037	31259
27515	28918
29332	15156
26709	8118
19650	28742
5161	42596
18663	43029
31281	13673
8006	3899
46130	24224
1002	37362
13715	26158
48404	12822
9346	3945
26593	34247
12507	7914
11290	43832
18433	39791
14935	3227
17651	2223
2647	15322
27550	39177
35942	34516
41019	17033
41485	17599
4678	40711
27463	7672
6773	30445
35679	17356
9399	31394
7361	46626
41752	4423
13363	23019
8187	19060
23262	17076
18583	43197
34858	44253
2607	40401
14927	2895
12196	16848
