200	832191
43837	17717
43957	37983
34967	10495
46584	15764
44789	36550
24416	16064
17025	30423
28553	14542
31923	34236
1664	41595
41486	22646
7448	5184
17934	17873
37876	42905
8147	20452
43960	2503
19154	24488
5069	23412
13370	46183
28062	10425
20002	38097
37715	17706
4968	40229
6710	23812
28012	37615
4988	7870
23329	36795
36256	36970
42193	36067
32312	27363
10149	13998
45417	40619
38468	4768
7094	22094
2997	168
49541	34799
1926	2246
27908	49620
48387	5887
45507	23903
4903	22192
40622	11107
29511	3380
15412	22723
29539	23367
39213	16573
6024	11851
4799	36436
17519	22645
8800	37183
30255	47378
17546	19006
11557	19993
20436	36507
24272	23984
17160	32486
47103	11217
37505	23476
1119	46005
23370	49074
13518	43772
17904	42358
29694	5974
7453	26658
32850	42391
38714	29508
790	11977
529	46228
17959	35952
48959	32901
35775	23414
22435	49763
28055	16062
29801	5780
37182	24767
21142	17580
42702	48239
13656	5101
40741	22745
7367	14217
27050	24863
12135	42405
33349	33357
32491	2431
34503	32986
42757	47530
1141	34345
32445	2018
44540	10828
40900	18973
413	28088
17211	11781
35914	13797
23233	48380
37018	7363
43002	40385
36768	21654
24204	25141
29691	8596
49369	1296
26109	14512
43364	40669
35341	38344
28324	16230
45157	31486
8731	41716
30605	8601
19173	8891
44977	15158
14384	40040
44557	48318
19040	8969
11812	41099
22247	23861
29359	6575
10500	1543
38987	19555
43076	12139
42428	1538
10356	10408
35003	23369
43960	4564
18175	32410
23143	25921
46557	41581
1835	14772
24229	25266
41145	27416
48453	42133
41477	25312
6988	14465
45123	19193
15435	46289
44371	33057
38395	17695
13574	43587
5414	19393
7186	17176
3817	12014
42491	3845
42986	37963
13325	7323
18554	26872
1264	22865
1027	22425
11971	15015
984	43727
31298	23198
12836	15617
26433	43307
13331	43912
46665	20477
20062	31313
26088	6905
18457	40458
14459	40978
33835	315
1329	18059
1407	48775
711	4214
5565	45663
29674	47966
8254	25239
16944	45752
27366	22860
27757	39193
23765	2908
34743	646
8903	33938
48846	9213
34546	19921
21710	12421
22421	5864
35489	41063
44713	27826
28628	36959
23017	25261
35978	28417
42713	32768
44762	29503
37715	31604
32950	48939
47066	9694
25867	20645
24043	21333
4437	44071
46609	6719
25275	24353
37473	49362
34142	13699
27796	7048
39224	48963
7055	22572
49027	44154
24892	3122
7498	9259
9323	22972
22897	43273
21434	33016
25327	31887
