200	3342016
20719	27493
17485	7535
21909	15957
44912	44991
6846	1263
46078	44690
38344	26251
17771	15857
13070	40853
40940	42226
14658	30384
27092	34048
8584	48685
12338	24564
44318	14303
43841	16033
5418	32688
39478	2926
43024	32228
10096	27540
18842	48107
48008	4810
2023	42747
2354	4728
9508	36090
28526	21549
48682	6328
18254	23059
21042	14812
21834	28231
44431	11873
26166	42290
3437	26684
25662	42817
49836	33724
8101	41520
22127	10565
43064	7383
26266	44058
4897	35928
36923	31115
20225	32992
17386	28131
7008	2391
29088	12099
7076	24153
36094	25062
37388	31701
42829	12046
28737	6742
22400	16924
44088	40079
19869	36459
46106	17217
24045	24226
3670	28523
16778	11615
45904	10274
26027	3079
34668	1943
48179	33137
1820	39644
36619	9827
12482	36829
46265	27039
919	43850
14781	43232
42880	48221
17344	34357
24563	5159
26037	37023
10157	24826
24993	27891
18513	7435
37863	40674
20133	4361
11656	10366
46513	43400
34338	9286
29729	19772
37780	19965
19038	24377
10256	7131
42306	45638
35182	36044
22317	43694
8678	47474
7797	39626
38592	22257
23050	36029
17742	19850
25810	10361
44233	37942
35760	11765
44693	2996
17339	36514
24225	14368
22300	44666
26823	48083
559	23436
35911	17488
30355	49806
44436	32025
27671	38058
35838	38161
1113	5725
24430	27745
8722	43213
12186	39087
33045	46796
10114	46688
44192	26493
49033	11492
49874	1365
37473	8625
41505	17360
1814	38314
27322	38761
25702	23188
42672	41528
45594	44032
65	43385
11218	35985
37718	35812
18948	22009
7010	45638
47650	32468
31229	25864
3073	697
18493	27652
26686	2952
6879	10176
28873	286
7449	2596
46423	25046
14909	13525
18334	3211
1868	46648
1113	19492
1537	30355
43857	6215
16907	7412
15809	15249
38719	3284
28674	31477
37172	32060
23311	49636
48423	26414
40546	32541
28555	38001
2203	17036
2480	2728
15041	14334
14669	15580
47633	9598
36504	28492
37145	22162
5473	22795
10396	13406
40656	12143
28194	17360
26385	11466
4890	10163
32192	21411
28856	6409
41008	14948
6786	34834
39656	43383
48535	42262
30920	3874
31469	42580
24671	9721
31374	38647
5356	37787
48072	35581
21999	31333
40030	11966
42673	33690
2705	4859
40072	2966
31819	41641
43814	47336
32602	26890
23837	4443
43013	1256
48150	35729
46654	20902
15692	43373
17102	33478
1338	21484
4289	7671
14224	28804
43053	26691
47792	4072
49467	23119
20191	15163
40916	31294
17470	35966
6930	48324
30150	26704
