200	3381868
28151	14066
38511	28643
30296	29304
38733	36875
31473	8448
10087	37696
32374	38616
44506	8590
6544	4024
27087	49408
20986	28996
15297	26078
46934	20930
30041	9855
42433	30749
38616	10716
2676	1293
4303	18184
1323	17757
2493	30974
40791	40379
44406	25002
38028	30779
11612	17970
28671	22094
30304	43431
6041	9314
12782	28074
29438	39505
9459	46807
6185	35656
47759	1029
33415	28675
48160	17579
14186	45072
16956	19058
31572	16452
44710	24745
30209	1310
4284	38010
2280	39422
33390	34001
21178	6881
41686	22908
25407	44063
2703	7916
30075	45332
36781	8988
10809	12766
19988	18226
21009	25834
15760	36630
42347	19792
44681	9976
42845	40127
41869	32314
32766	14870
17620	33380
19045	35520
42293	38535
26207	22803
36150	26164
26945	49022
408	20311
3664	30783
21036	10493
6940	15442
2100	16763
16481	36145
30426	25782
4298	11918
32747	8173
49971	31312
27446	34786
48063	12956
33470	42818
25873	41138
43515	38859
20334	48144
19194	5478
26496	46403
37728	48064
16449	11791
30802	45583
19616	34698
22452	32496
45580	10254
25584	45688
26802	43858
29070	33291
49592	22969
4049	48825
34102	12615
9012	29604
17366	20757
12774	33368
30697	20854
39851	16681
20654	34823
39205	3735
44051	32289
15202	13301
23978	2843
26948	19282
36577	23706
49890	12179
49966	37111
28894	49086
1521	40337
6974	37502
6311	35783
29824	19976
46502	10652
40994	34912
46357	24874
25619	2569
10521	43736
3353	3600
1886	3996
25741	3198
2499	38762
36209	27296
21066	11705
8295	41978
4524	2834
12184	8353
17758	32477
30588	14537
7271	22856
1829	40252
13837	24028
506	10734
31167	13164
9252	27772
30652	10126
41539	29904
40232	9661
32953	9900
36335	10694
40193	23152
39419	13487
1843	36848
46962	47227
16876	36080
5036	30024
48087	48526
7793	44585
17392	4816
8511	34381
42690	9176
4237	2884
35871	2199
33979	41622
30847	2115
2572	18568
19558	11038
5476	7626
43430	18629
6003	5408
25788	12827
47317	43836
48585	11629
24043	21538
6501	25425
22595	15503
43699	15280
8910	37979
43843	21378
6296	45346
49039	8933
565	30404
1771	48840
34903	42438
9307	49209
28498	32289
27071	43698
38440	30607
23828	23770
360	35300
48041	35816
21941	43649
49632	83
31661	37148
25464	44399
38040	29963
13383	37043
45712	18384
39473	7504
49896	41346
25143	17184
21782	31476
3180	38881
26177	19063
28557	18133
36077	37310
34720	27691
36828	27245
3456	8645
45915	2894
25226	41090
