200	3345436
6777	19015
43148	22416
30607	8026
39974	42684
33946	39709
46637	37501
15250	28529
28953	38016
1892	29454
12440	32443
25826	29537
15469	14859
24210	39736
9164	754
44837	1706
42115	31610
32492	46258
41720	25213
26547	26467
11317	5395
2041	7158
26586	28882
15926	8314
19132	6418
4316	18871
12749	7552
19190	16173
5505	14231
7846	11472
10183	15145
18516	34092
37792	21537
15957	4588
10931	23754
15834	49321
29792	41803
15649	19440
6582	9788
23409	34114
29522	49140
43730	26483
43413	36861
23075	33528
25016	38420
14141	39064
7494	14335
49813	17549
35988	2624
18873	40367
42580	22337
43682	49658
18621	1904
9945	20029
30517	5994
19030	46456
21047	19099
29721	43342
8298	36040
39801	11300
13127	36327
7803	32892
10644	37226
31170	9516
49491	38037
30723	24326
6473	5261
9823	44571
37200	44746
47602	1481
2540	4458
35055	27690
14956	20230
652	34568
30469	47368
44422	47303
21311	34315
30286	22627
21901	48379
29390	5586
18738	17479
4241	10744
47364	3654
5754	10075
13995	24172
284	30866
26644	22744
24321	29534
31412	40124
20490	18817
6108	12682
41366	35423
33832	25238
2775	33247
44734	1648
43225	35041
26919	523
47331	29440
37213	28960
47458	39096
20712	15062
39423	2760
46229	30885
40776	41319
26369	41527
23734	48120
24422	28033
24363	28727
723	39913
31840	9987
19822	9361
46160	38052
18457	5876
33667	41272
5164	11407
27005	8976
34280	47250
21088	5489
7837	33854
46250	46843
15971	20825
13077	28117
26315	30046
37341	14584
13336	604
12180	39665
37816	24499
23971	18423
19078	625
34600	33102
24415	43931
47931	23060
11141	40528
46173	9775
2179	47686
33414	1312
10132	27417
15665	15908
41186	14436
48111	12682
4892	1076
49830	47320
16302	49603
45549	34834
4137	39986
17125	43660
43178	38282
40	7148
9053	24667
17061	25730
36446	40233
23917	18237
28061	35141
10224	23853
10982	34246
48540	3751
38282	30593
22925	6180
45398	18307
30563	3511
44115	42085
41582	32186
36590	31402
42831	25525
2974	13964
42133	15335
21721	41541
10779	47496
11752	46464
29943	49146
29122	32990
9427	27407
441	24873
23067	5266
5098	27452
32693	23314
13953	8301
40534	10771
5586	29834
34169	26826
7410	42068
34988	4618
25638	42502
8648	7890
35866	46138
48583	1146
38351	46192
5910	28689
21831	21242
33028	41170
14552	35323
48723	15788
46714	4781
23015	22535
16507	15706
48963	30947
30655	14651
37284	9756
28785	25660
23928	16984
22307	10969
