200	1665651
10891	31785
33303	1993
29668	4520
14156	26458
22369	42300
44239	32993
22497	33021
26892	13091
18065	14557
8456	47589
18141	16539
23147	18601
3174	47448
9807	1586
32957	44125
46596	48691
33463	30917
25627	11329
31855	40582
40283	25581
9217	11698
41622	11160
15666	34712
48430	49822
29455	14535
20106	30868
2008	6026
23270	155
45162	5598
37019	11273
45833	33670
31546	20849
1428	1944
13547	325
48934	39362
32099	46691
2062	26590
12935	15400
24468	38642
3315	22268
4226	37806
30624	6671
21417	17281
14052	34361
24115	4751
24219	11632
10071	39484
32782	17697
34278	25728
47566	31105
15493	46673
48532	7472
43641	35681
7964	15683
13165	30233
2548	14194
17100	4339
38032	33997
17961	19421
34480	47816
25392	24040
26621	7679
18873	38539
12135	30110
25831	35035
22596	8574
18384	34343
44867	2756
3065	23825
42551	5734
23986	2142
28914	34563
26305	15473
29508	8453
25497	35331
11523	33329
39506	6669
40155	43488
10889	827
8867	4210
41442	19719
7088	2729
9872	37264
476	19275
39046	47418
6887	46044
17988	43225
49601	4004
49555	41188
26457	26268
20081	15588
23392	48023
35023	46725
4110	36270
8078	14109
15693	24309
41295	629
4985	1123
29659	34989
17340	43330
17455	10973
41682	44531
1334	37508
35377	252
2853	45306
9839	49985
30615	9397
10714	15061
4177	31221
5880	47453
8429	28414
14061	49169
29446	45179
10612	43483
3359	28677
4922	40992
13477	47715
13984	17959
31729	30744
42681	6065
13407	27738
6203	31282
49464	18586
21349	47377
42879	44490
31813	5920
45871	16494
20055	46235
36634	9449
39161	18726
38290	1067
3211	9596
42103	47574
42733	16913
11904	20931
44739	20916
18494	10677
17544	39503
48858	45254
34713	46924
18697	25524
18222	30027
14107	128
14834	19115
5200	6680
32601	25998
21502	22859
14781	17074
25064	27416
27794	8364
795	21053
48426	37537
44812	44795
46648	25577
37468	31751
28982	48571
8816	9929
20799	38364
38978	23245
11769	2144
23033	12051
45614	1064
32371	38470
24295	10092
5423	39804
29073	28341
18811	24159
31649	29731
8843	45156
4443	25181
27821	317
10835	26715
11720	49283
4056	36341
32831	32003
28592	2348
26015	32084
533	1944
33099	44715
23047	30190
32467	6781
24598	30174
20758	29442
48486	44574
44879	15238
30099	3323
45712	47084
35259	39677
8804	1856
48818	23818
36428	47440
27586	22396
29053	48525
35257	9761
41172	13926
2963	5719
31335	31967
31422	8555
7863	15545
11367	34608
