200	807471
38133	6672
5686	24748
37674	36880
616	12999
42783	2163
16868	25312
12105	34760
1625	6294
218	34691
20468	29935
654	37206
5209	33849
7199	16430
7785	26138
12931	11115
34082	42241
4775	12082
42475	18801
46111	45909
23355	24050
4873	17554
20012	1553
4074	22040
44011	26563
46615	42594
39067	45946
45372	16169
33770	12436
25321	20435
39362	9808
41627	49793
31591	23350
34068	19256
38775	6073
38813	44336
31811	32495
31018	2982
39860	17879
27504	19396
650	16683
12015	27827
37567	36553
46172	11964
31422	9048
42039	49467
384	3434
43969	31375
2023	31053
9565	23277
48510	37401
36304	23268
13253	13394
33561	34414
34955	39928
1759	13983
49272	18557
1097	19426
36951	45865
13511	15750
34798	47968
36347	19399
49696	25210
24905	38734
16721	37440
2948	37019
41536	15865
4825	38159
28083	36109
13275	29393
45705	16908
29365	1804
48922	2767
11419	19329
33618	25751
10420	27966
31861	33210
42241	9418
12333	31473
15054	41249
41890	22267
16176	33684
20774	596
24401	5996
15056	49008
28298	32447
16572	22696
9518	42650
768	48978
15679	22930
29487	41082
32945	6165
36507	7231
5285	39385
48389	33224
14205	26530
32865	119
43623	13558
49352	37478
34951	41743
975	19938
41567	37123
22872	16280
8336	16332
18137	30577
39148	30214
3200	20808
34360	27320
19728	39338
7973	27111
27036	25242
22095	23217
31537	34405
47664	16043
11799	33084
21800	41102
31035	14880
7854	2680
32734	27181
38236	14501
4840	25877
25452	1160
13390	43187
19478	32562
21938	32058
712	4601
29821	36811
22765	17394
12431	27349
18361	21865
21763	5240
49298	44509
33864	46091
43718	24805
24779	23162
21408	6841
10482	17960
14365	45604
23708	24797
6377	43412
43355	5852
29830	158
13572	12423
13175	36214
41043	49084
19282	4152
48064	9300
9296	47009
36121	41862
11870	35480
29639	46424
40450	21685
37699	1781
7465	831
8813	9394
23326	33610
47043	22838
30207	1530
17086	12518
20101	47525
44166	11529
22537	14805
36536	38804
8636	37800
4211	27262
29806	9269
31448	24150
29342	40603
6900	9466
5800	14686
31103	6738
24600	42902
30559	1778
15174	20800
45414	18812
8840	25101
44546	40962
26574	17679
26866	14392
42042	35404
11526	41038
45273	5369
26458	542
14928	24481
948	44642
41789	20367
40433	12434
16179	26062
31086	34387
44489	5777
31398	2234
25900	2020
20802	31262
46886	13759
11837	15314
11255	26209
10703	27640
200	6142
29759	34551
47689	44102
44411	32687
