200	2463302
21764	32532
3325	15034
41724	22660
21319	24267
17702	35799
2752	6363
29684	3541
26936	23031
20420	19348
31984	27236
3461	28873
4576	15523
31768	48168
18624	43711
14819	9692
5623	11867
37078	3170
33889	16909
45087	14900
45796	30970
24993	36699
5872	4560
4346	33488
19644	17325
14196	11865
24887	15703
44528	49482
34163	34535
44191	23810
3549	30143
24156	33107
15597	18977
4707	33173
1052	3029
3565	23279
22809	26056
38975	41955
19848	36893
40452	5097
31283	5073
43615	46291
10627	1806
42118	39245
29298	43586
40598	30372
39087	6290
31784	24985
27016	11048
23076	45201
29587	7315
30976	3690
21195	7137
49169	36721
14405	13710
49151	13201
45577	29220
41932	37237
26985	20484
11928	915
34255	2984
23021	23502
12685	3760
8220	14247
12120	46487
22055	37349
22755	15191
47933	546
15181	25443
41748	27783
49854	38692
37885	31986
2593	11444
44617	22677
16831	19487
2313	14083
36857	48702
6397	2139
3967	20247
6337	36386
27913	23750
29506	7379
46974	22517
32563	39456
20859	49662
41066	32543
15009	8801
7601	43986
8969	28074
8952	33652
25503	25682
22465	9397
847	48037
11416	31505
41293	39870
22855	33231
8177	13404
35214	22919
34153	12584
16119	24216
23707	34567
8101	26963
20559	4708
16874	32795
32974	2447
7087	46145
31524	37419
10738	24684
31687	2008
10758	26804
42299	31385
39991	42636
49238	19998
31651	29256
16305	26724
16191	18714
8057	48864
22667	43258
30133	19838
3930	13182
18625	47994
20913	18634
3268	32950
26413	28946
29951	26086
26544	38576
17063	12181
42236	37074
25202	23156
33179	31829
26902	8865
47727	3508
16446	46805
18211	44077
3900	26375
4146	38084
20951	28353
29008	38357
38722	21900
10457	26965
8132	28341
43332	26338
17151	9225
20931	25772
24102	24719
49927	1601
36991	1821
46643	47258
7543	23240
6585	16510
1372	32086
48281	16296
33691	11153
767	1760
38053	34252
33653	39659
46283	29212
11456	17437
20477	10570
36890	32076
44697	17369
4893	42334
43942	36455
14979	8651
31833	5904
34850	44974
48182	21513
17750	43908
21113	472
39578	28672
22654	7376
17726	17545
39858	9610
44265	49067
23715	15119
8923	28841
46121	20993
30112	37437
18288	30021
19617	16788
46431	25081
35090	33988
37657	41851
480	11248
46840	36839
26023	26582
26719	47193
34359	3829
2925	28360
12008	30157
38985	14014
34211	38702
17858	28607
13366	49279
12218	19455
49616	24022
387	34771
500	43007
38769	1393
28735	11278
11289	21367
