200	2570217
17022	2136
4920	27275
11944	1644
34989	19285
44747	32688
45418	15252
11356	32334
25141	33320
3579	40850
5195	3821
24074	30437
36376	31814
346	23927
596	24948
31748	45795
8965	34749
18967	6999
22610	3610
21767	38932
33781	33916
1249	7810
16110	31295
28386	49980
10045	49486
47052	21705
26597	35903
34403	2666
36423	18368
43539	14437
28430	39470
18856	4261
41718	21834
12965	22460
29093	29084
4224	11077
18090	20456
41096	44180
6431	16654
1522	23455
30018	35094
5535	12762
39907	10563
47852	1880
8102	8267
20318	12290
12597	38498
16286	13309
39205	9157
45613	22384
4899	26585
9298	17747
10471	24293
133	48741
17138	42684
39329	41539
18900	49387
29277	32722
3556	33709
5858	42864
9909	46509
11810	35631
5864	10338
38419	25044
23682	14672
46124	45483
28870	44337
4385	9545
48486	25901
42503	12320
25556	43610
37921	18081
46739	32903
18342	5729
30039	49375
9886	31150
30719	21001
19020	20092
48228	16897
37265	18669
42803	31282
38300	19382
20240	45529
45717	37670
10406	32723
32371	39779
29637	44820
18215	7666
15290	8028
19227	6825
39680	15975
43853	10802
9049	47848
39928	46840
29031	14297
29735	32289
49531	11907
32692	29152
2627	47616
5571	26329
34356	42384
38522	26724
10002	8386
28715	8851
989	15580
8740	4218
25220	23703
36098	6751
24768	31101
24096	2341
45496	47275
3610	22887
31238	23688
18345	24845
44295	23230
1265	26638
47519	23565
8729	14148
31330	28447
17761	47473
39334	6348
39361	35512
46895	2277
47620	18990
18939	44782
23463	21878
8843	18635
42551	49738
10860	27464
42654	49767
28525	25210
49223	36064
49462	5524
28105	24950
18603	16785
23007	12532
47591	5443
10863	26994
28178	41928
49124	41004
40442	7668
22167	38588
32508	36522
16462	31546
47001	19632
12481	49941
39832	43037
10155	24043
21756	98
9099	13842
35588	12714
36226	5897
33677	39899
2508	33686
37889	10933
37980	11873
5592	22435
9679	407
24401	209
13128	33631
48177	35219
33337	45780
10210	44427
899	44137
10383	32142
43173	44843
33475	33304
3921	6054
5887	11155
25297	37685
9552	43037
33858	6843
34910	4321
19445	15279
12463	41384
42230	5160
35036	39257
28599	37227
17906	40016
23649	30332
11415	34077
31048	27712
27442	47480
25239	32842
39316	5127
15696	45138
38697	38655
36533	2525
23117	48589
26320	40383
38543	15275
22060	37689
1291	23556
970	5884
13940	41451
9907	3894
35999	43559
28997	19177
39379	43617
25513	5768
28032	22940
