200	828875
21025	27329
17324	7129
46862	27665
31080	42373
19929	45305
48421	36012
17142	5381
42373	39576
4283	37171
49677	49015
33828	42370
33488	701
47924	14587
19827	23738
32743	45958
4012	41995
9623	43041
46540	8867
35040	14951
38045	2777
20357	46364
6658	33227
37864	93
18389	16088
18701	8056
42758	13584
4863	35256
20938	15122
18712	18792
3351	3796
20521	9481
43168	18991
39951	22286
608	48204
45145	37573
36958	8355
33706	20659
20241	8995
12620	3387
6638	11807
11604	14162
10540	46353
29622	20077
35841	37469
41804	4282
10362	46119
24570	35104
38657	42396
41394	32620
31731	2471
38894	19854
42306	34526
22726	47584
32065	6358
47175	10927
37735	24085
17893	23085
12568	45012
35315	39033
20980	1131
40371	34212
32101	33042
29010	31307
38103	49463
5478	40358
27179	43811
35215	13689
40832	8259
26534	43952
8589	48965
21043	26653
38235	36364
33306	45706
6940	977
9870	8442
25356	39907
47166	35739
10986	44340
24019	22260
16064	15550
36122	21738
1777	26520
15477	15978
9853	898
3879	24171
8305	49947
176	7825
13158	4490
43717	40559
32183	14423
13835	22508
28454	48558
22557	13968
19683	12096
1640	13492
9638	41680
15986	48048
12787	33064
21666	47211
24199	4940
34118	23348
3599	45279
24971	6901
33856	18522
23399	25673
4303	14353
17789	46377
48656	1698
10574	45784
37628	3767
49784	37574
24252	26551
20328	8649
30963	20498
20001	23927
32886	27375
19254	13424
31571	19890
28082	809
40548	18597
24552	46096
17100	14368
1267	34226
2938	18728
3881	47511
41741	46576
46682	1953
42939	4931
12075	17330
49087	16804
16455	21246
42879	603
17301	30143
21601	28669
47097	22837
40951	5606
39851	45916
48892	27675
29467	6299
35847	15671
28837	2811
16231	26699
20108	10123
2494	1255
37776	9863
39716	32229
12559	39227
508	26570
39109	4517
48017	2494
4495	46736
34143	36449
43606	29404
28478	19096
34099	10957
25042	32096
23339	19773
44673	2364
46582	40272
2711	26717
15535	47869
21270	12583
16058	49533
33232	15778
25134	17068
23196	23419
28086	3893
33696	19651
34466	33270
12510	9495
26966	13153
16952	15947
33331	22251
14700	12189
9171	34896
25868	33764
2117	39121
47929	39889
679	25376
9632	42937
4255	10523
331	45773
35875	27259
45120	24578
13204	7842
29352	39310
29724	46013
18776	5746
9510	7553
32633	12701
14230	48058
11481	41215
18	19944
36777	41014
30929	37007
9028	14020
3928	43323
7910	48957
25756	31471
24395	23215
