200	1685591
35477	5935
26102	11125
44766	15665
41482	9055
49208	19517
1777	49350
12103	36203
48589	47866
12138	25576
2843	2520
48498	10409
49458	30220
48753	20377
27852	45322
116	13805
15787	39558
8180	16469
40332	4644
13770	22978
11510	48065
10111	11511
21420	38350
29453	44079
44565	234
15537	23070
24721	20212
40676	16319
15289	29509
21550	5483
46617	36686
42363	7256
3898	13658
26484	28855
36448	5441
47283	44554
12883	34180
2160	302
23069	36723
30440	30152
19692	44251
15187	39750
20421	44
35471	35500
24410	15386
18462	16494
28678	471
35930	21970
49358	47466
44600	28311
33088	12883
25059	44380
1279	27989
23280	9587
5030	22335
14352	29983
36572	6922
39974	8174
37505	42113
48870	49010
20810	44750
13921	44721
40112	24921
4552	36937
24985	31368
27975	22818
22370	43786
351	48123
44051	6541
17562	8015
23566	45452
5459	47863
28294	15644
47998	27094
39070	27426
543	27815
40702	10483
40538	1529
20319	48633
10693	25884
48840	32493
7288	29368
14342	8518
30464	42451
41713	21711
23729	33787
11348	9327
19189	22446
5252	18726
20081	39345
49178	987
1174	35187
34298	46571
13119	16877
32581	38414
10818	19387
23386	5385
49322	36004
4135	17391
18355	47058
42162	27284
43727	36268
26982	30727
38098	45596
47762	28575
15910	48646
12472	1174
24355	14293
5515	31404
45110	12812
38256	38166
47016	4257
29045	3752
39446	38486
34769	7576
37980	46315
38937	41624
17901	2222
44296	2484
19890	1698
14738	14365
6576	35109
36865	38718
49568	47567
28409	42202
5521	16191
28491	21578
37140	33112
41991	37331
37403	11351
26536	9980
25673	21284
25213	36081
23134	49934
38602	20066
15210	20075
16795	35835
36575	14157
49612	38920
26124	26347
8299	21723
47932	13576
25626	12947
13049	24054
29441	38244
34822	49501
19707	27543
38849	44516
12556	44107
26847	10783
3213	5703
13573	36681
10843	44771
22325	40418
1415	49369
21110	40495
9034	6095
14754	48907
44164	35854
45927	49116
9527	36109
6595	15699
38738	26473
30625	22714
27596	3367
31917	23756
44828	10330
30609	3245
4887	24005
49438	5085
38007	4605
23249	19610
5308	35210
20572	23128
34475	11328
20851	17302
35398	33724
20267	32117
45468	38365
37576	24098
12646	15397
18634	22873
27198	18143
659	4416
31130	11736
21557	13621
311	21731
34076	37588
12440	32465
43132	1954
39276	48948
19407	29722
2069	32981
37699	28424
43198	7626
36648	38854
38505	14918
38221	19908
33878	14087
31862	30611
27267	7048
