200	2518136
2458	32475
2647	26376
16828	28463
47921	39081
3396	1610
8903	48613
32217	28262
12151	20093
13871	46431
11462	30015
49957	6705
40413	14589
15774	36661
27256	32935
21251	46297
15965	21993
14962	47839
48787	49937
44670	25438
35078	13721
27276	49384
24854	43871
15119	7159
28842	39815
2812	27586
39582	20341
22733	34385
33297	40400
9452	23200
31015	21640
35501	19455
19034	15673
11149	43918
23609	11533
31384	38727
46376	25102
19309	44884
16321	5210
29970	8773
2531	48079
31884	28893
6943	45621
3099	4456
32085	4885
26927	29095
9140	49134
49565	6670
41368	23949
28024	125
43286	1071
17266	8634
39322	35640
36722	41308
5511	39754
28973	33897
44996	6320
8750	19234
31031	46298
221	42844
35165	23103
29473	27227
10376	4067
26677	15802
29291	41819
31290	13086
33439	10166
11485	34809
11475	38548
29009	19604
29958	1263
26937	6388
17024	15668
6472	1300
36090	27247
1538	14317
15654	49274
13340	25546
16372	4733
7881	32967
3935	26341
37037	47226
16023	2429
21143	26650
30341	47716
30558	46494
31955	48193
35787	18426
26743	9576
5220	13052
8632	38125
15295	37345
4963	25940
36747	32989
12451	41741
49202	18398
34904	2970
48853	48964
39950	2344
47250	11776
3330	1331
49690	34184
41492	45285
24850	44114
49525	26310
11152	12851
45198	5163
24524	15133
9523	41553
25486	22656
2051	12026
48364	12818
587	15894
19106	11902
42567	49834
32954	44570
48175	39356
2845	49346
17685	7047
44474	41858
18674	3180
28373	38618
35241	49190
25085	7958
4662	16571
21556	40595
45849	15547
29378	27442
19055	39075
815	46938
24906	242
8955	31116
19055	26111
33530	7355
7673	13431
18128	49251
16722	8044
40796	36087
27527	30198
47992	37410
48285	48283
38965	11575
42367	45691
44961	25601
22335	31442
14636	12973
16313	32246
35630	20503
14035	17789
28112	48374
41353	47526
5137	10537
13186	26166
48346	11888
41082	30883
28503	2537
34651	20652
11748	19196
22294	43523
11152	44633
49673	18181
20762	26498
2120	48258
15225	29517
24941	1398
27170	14462
28502	15904
15060	1418
31644	7559
22	6982
5704	42582
4892	18358
47101	14623
693	39023
9118	22041
20486	3766
23624	9093
11655	37247
44162	6511
20354	47230
42680	46519
29377	22091
15047	13446
3946	38008
21780	10214
32645	13164
11589	29689
49068	24185
7210	10111
16503	32861
4990	15784
33272	5428
2542	9746
138	11831
5895	22913
46066	3414
31467	2099
15443	31999
26925	9904
20155	46493
14936	27989
