200	3223090
26074	12457
10202	36109
4071	3714
49149	6689
17114	5324
40394	33832
2747	37413
874	17296
18314	5780
28713	18748
27534	21270
8305	4834
11820	23413
7782	30429
1120	3246
48635	30476
43730	34013
21396	42087
1056	3957
48442	20780
49820	11865
40612	38190
24930	15839
17961	4284
31171	34596
40850	27531
18445	30856
18757	40422
13527	24591
18686	21909
32644	15493
11115	42829
45285	13439
549	29326
5978	18708
40701	23258
38465	24327
2970	10618
42020	31666
19849	18251
14124	28780
225	46148
22003	6379
2206	11574
29208	4717
4619	23106
22269	39572
23711	15263
45256	43846
13287	36413
4332	43594
27747	34305
23354	19809
47515	38119
31754	16074
32404	44842
24890	46440
32021	1517
16289	35785
45691	45978
6199	39981
38261	3060
34767	4672
43468	1210
11926	41019
16995	6419
11698	28050
17686	21660
23526	12782
35724	27225
42922	12773
38290	8963
13596	25745
32388	1586
18430	16786
38655	4851
13719	47743
21027	9197
10076	35669
23898	44627
47525	5821
16407	18663
8959	23149
40447	46214
29287	47970
21278	8003
1640	29859
6301	7671
6100	3295
24505	23274
23149	28723
27903	39580
14083	46998
35583	43389
33581	2934
49781	3245
32167	36616
22431	33926
27247	13733
29360	4438
21298	19001
2475	45761
38927	23302
29847	16864
37798	37721
1460	5660
4876	3078
3257	37916
24685	25147
16690	29120
33774	33464
20727	32664
18907	32597
3696	14203
26019	30404
4336	44940
36431	49417
36067	10074
18885	16654
30365	42058
25892	42493
17460	38640
17160	11148
29601	12099
29689	29318
45886	2691
24989	23789
45503	33509
16764	24354
23428	12644
35567	8528
8931	15279
42895	11470
4105	42140
9113	9141
44751	34841
9527	3574
25729	36788
14455	37843
17835	36276
21816	12593
9769	12801
24544	1524
12401	36421
31552	13649
34985	14270
17368	49443
3071	6700
3545	17393
5104	36516
12835	9833
557	40927
3877	32657
39211	47170
13431	12236
39993	40515
43462	22107
49763	14591
24401	20474
45827	1213
42827	6555
7709	2397
35680	27960
37585	41754
9370	11469
20712	7111
48699	35596
5371	13822
13858	35530
25567	19025
11746	4196
18172	30928
45944	44146
46186	43446
20899	46068
39893	7998
36250	49675
43435	30486
11370	44557
25934	30885
28556	38282
20063	2989
11479	37222
40985	12744
36647	26801
4171	49346
10972	17705
39270	36427
44000	44143
12873	4180
3880	33299
1841	45242
36374	32061
2081	1779
7083	7179
31737	22752
35755	17383
25299	44415
29417	45090
27999	8704
