200	4435022
36436	35098
40058	3827
20134	46950
26022	39706
26441	34070
41438	19874
33072	43073
42785	27203
20895	31199
33086	29958
14719	5397
34789	35047
40958	44219
28700	6073
19046	4021
3908	1598
12593	47935
46878	7879
8580	15677
10062	31157
27107	49767
8682	10125
41572	20740
198	32244
13196	5975
39515	27851
22131	22002
43694	9239
14444	13884
30144	29024
9617	21364
1245	34865
2016	19576
6860	18615
21028	1998
32294	43698
11953	35407
6410	11660
22467	35251
4796	35064
17526	23285
690	46218
27730	42699
5975	43290
30016	27940
45470	42973
46323	41442
29467	19235
32736	8385
21041	34850
44495	34111
48308	20020
7785	35800
3447	32516
14591	22313
42708	25975
30993	37980
44071	15951
6187	47045
5065	7601
43016	9294
32045	28115
49370	25706
27885	19156
36454	26024
22793	11855
3240	25883
2523	9999
3583	13487
26254	22903
19366	41538
11333	281
652	36943
49109	19049
43473	19016
12708	48410
1905	9175
20292	48408
11478	17317
32381	46585
38027	44929
46003	28278
37799	26286
14482	28621
8170	43929
31093	27581
9324	49883
42295	2228
41603	24132
47481	16520
27121	18812
46261	44935
40955	37187
26160	8933
15801	2356
18033	34358
3934	12612
20017	15089
45530	31719
1756	31030
41787	48882
884	29160
8677	33016
29012	29367
48233	38202
14388	34670
2811	27583
12847	2145
42904	38747
42195	45581
48403	9103
24326	21726
26510	22128
27618	10716
40189	28057
47751	43597
5906	6913
24143	5732
44972	31073
7101	49742
23975	44723
30768	33514
7332	10209
25103	26474
38239	15639
8666	9813
14823	3901
44565	8283
24210	29679
17087	28620
46217	37845
41602	5941
26618	30797
24808	37875
36389	40408
47719	11781
11243	34691
26497	5465
8205	10407
22698	8638
2611	17222
25011	28835
20906	30435
20603	16303
44035	4796
16874	47901
20020	29314
25547	10738
14238	45738
31029	27421
34450	45690
41929	26240
46571	35602
13759	44952
44793	28186
31366	27914
8462	40086
28158	4976
4279	10718
43739	24022
34617	6234
4459	22275
22657	23763
12618	38314
9481	39277
23856	11865
44087	48620
4411	35602
18065	3498
8185	43777
6564	10446
46648	26417
29493	37776
24968	48830
13120	39029
49445	48020
11888	16370
22310	30628
30758	14582
30275	8198
38258	44205
15144	39011
40844	41624
27629	7418
46243	36820
27436	46420
11709	14453
21688	8113
8352	49768
41955	35064
47197	11976
8571	10104
8689	43993
4763	46405
10943	37212
46456	37341
35949	42192
48446	11413
37127	43426
61	17115
