200	3310979
43528	32876
11955	8611
12167	3082
48021	21441
25762	44058
19869	2512
49876	49460
41861	13917
24638	42510
48226	35883
164	37678
45241	2471
20503	15777
12029	20026
37024	42270
38562	21805
34388	16982
21151	29332
47224	35605
45046	5676
40164	47391
22127	45489
16172	37831
46784	7504
17645	23701
14060	3377
18155	48301
1348	7894
36161	47633
21981	5371
34764	42484
17741	23847
6520	45635
6786	30173
12272	33089
2750	46676
34538	2236
44805	4170
40621	6363
28360	14934
37628	35310
8621	1319
39606	12024
39994	192
35067	40718
9731	7254
3485	47009
20401	45198
21855	34839
15117	11565
39396	44702
6362	12691
32760	32972
21915	11317
45926	17280
7027	16159
15024	20249
48544	24819
44025	31320
28658	47830
35694	41746
34253	39919
45462	32543
20155	36078
20558	2372
1984	21751
11815	7959
3720	11304
46266	22310
31787	3764
43506	22760
42408	33788
8483	32443
3912	9257
15338	2846
14279	46337
9255	11629
7536	7823
4552	7558
27763	14029
24625	47803
30772	35000
2724	47275
3551	37924
16222	20161
4927	37152
6520	25077
42447	35819
40975	3064
11155	30993
7873	42128
8260	22853
16532	37465
31354	16662
38410	32646
49408	46740
9806	442
15041	48463
47408	19522
47898	24562
42081	4644
8080	4477
44857	40737
8778	40916
24579	23266
25311	42019
28474	19276
48458	25579
3477	1397
18191	27588
21603	25990
3322	46086
24191	6521
46980	41239
27573	16510
41892	13847
34449	43197
25599	34806
43752	40019
8938	40961
47254	47861
27035	26020
12942	48389
11045	35615
38977	44649
49856	9223
47762	45623
28203	288
37844	15751
42608	29088
33194	45734
16224	35056
13506	45408
32960	3739
44908	35079
3486	4460
21372	27226
38816	19938
24289	5463
38424	520
41872	5777
18874	1652
38062	5765
43128	11877
44463	23545
28517	44570
42779	22121
17671	14980
34238	13870
5187	21859
34803	22432
17365	25597
15366	13861
8324	14150
44230	40571
22872	17870
39795	27168
46785	22530
25071	32359
32166	28820
21133	38350
7272	36224
24807	2309
10680	49700
43549	4564
47508	30362
13572	26768
11313	44736
43146	38865
46783	25206
24319	41171
48969	9113
35641	16999
43341	41377
10028	39440
37497	18693
26036	47627
40557	7749
26390	5489
35112	25124
38248	43576
5338	6080
5719	8518
43855	31907
36417	35151
45688	15964
11998	31469
25638	26370
22917	6343
47832	2314
834	16385
5847	38296
22133	13796
10101	349
5023	10798
33295	30136
38980	26566
29321	46261
18544	25919
5613	4021
