200	2060511
43893	48893
31382	36382
16560	21560
37712	42712
35936	40936
47935	52935
35574	40574
42250	47250
36505	41505
1474	6474
10251	15251
45070	50070
40249	45249
41599	46599
23432	28432
18904	23904
3626	8626
40895	45895
26612	31612
36746	41746
38446	43446
10037	15037
45186	50186
17521	22521
22356	27356
27334	32334
43222	48222
19085	24085
15234	20234
20042	25042
10360	15360
24310	29310
27633	32633
18378	23378
28801	33801
47665	52665
37692	42692
7595	12595
6750	11750
32508	37508
2487	7487
49966	54966
15132	20132
20332	25332
35426	40426
45175	50175
11482	16482
8641	13641
3992	8992
43806	48806
213	5213
24143	29143
12279	17279
45183	50183
5132	10132
25476	30476
47305	52305
28978	33978
41807	46807
33166	38166
44664	49664
19419	24419
5034	10034
5056	10056
26654	31654
16075	21075
2962	7962
42842	47842
34150	39150
37138	42138
40993	45993
23086	28086
42027	47027
21601	26601
8585	13585
30160	35160
31516	36516
22445	27445
32776	37776
16857	21857
4282	9282
6055	11055
49656	54656
23556	28556
30681	35681
48632	53632
36415	41415
10344	15344
22816	27816
21617	26617
38436	43436
31463	36463
21011	26011
11835	16835
40016	45016
10387	15387
46491	51491
20881	25881
35927	40927
44156	49156
11104	16104
14887	19887
34632	39632
21503	26503
1486	6486
4370	9370
21567	26567
28203	33203
47146	52146
37994	42994
14929	19929
38852	43852
43875	48875
3860	8860
5198	10198
27560	32560
45558	50558
408	5408
43276	48276
17238	22238
21331	26331
14012	19012
6119	11119
43369	48369
18086	23086
35943	40943
42804	47804
41518	46518
39647	44647
20202	25202
37673	42673
19986	24986
40181	45181
41634	46634
23107	28107
7576	12576
6563	11563
8640	13640
30761	35761
36184	41184
19182	24182
26166	31166
34496	39496
42557	47557
38452	43452
36051	41051
9042	14042
12494	17494
28160	33160
6521	11521
37625	42625
46990	51990
7533	12533
18167	23167
28528	33528
21215	26215
25465	30465
46841	51841
791	5791
18906	23906
41910	46910
4589	9589
19390	24390
38089	43089
27338	32338
37995	42995
13008	18008
14163	19163
32730	37730
11528	16528
40958	45958
26222	31222
15786	20786
16041	21041
17815	22815
25979	30979
48955	53955
5491	10491
6231	11231
19762	24762
33785	38785
19035	24035
19003	24003
42710	47710
42072	47072
9026	14026
20421	25421
32200	37200
28847	33847
49377	54377
14401	19401
28470	33470
16512	21512
37444	42444
38917	43917
6206	11206
6304	11304
30861	35861
14704	19704
47517	52517
