200	1967615
38450	43450
1319	6319
22734	27734
21996	26996
32373	37373
9005	14005
7969	12969
35979	40979
46062	51062
28001	33001
29225	34225
46748	51748
8162	13162
1183	6183
13218	18218
44695	49695
34329	39329
47329	52329
41950	46950
9006	14006
12477	17477
8731	13731
35414	40414
9366	14366
41372	46372
16015	21015
48370	53370
42480	47480
16888	21888
12590	17590
48943	53943
48660	53660
7054	12054
35995	40995
34503	39503
18447	23447
16998	21998
29282	34282
14582	19582
8472	13472
30828	35828
41038	46038
33547	38547
22815	27815
40375	45375
40300	45300
48089	53089
33062	38062
16558	21558
14881	19881
11770	16770
17700	22700
14682	19682
27538	32538
46481	51481
9346	14346
25	5025
31191	36191
11658	16658
29193	34193
3935	8935
34018	39018
25081	30081
28918	33918
9380	14380
28180	33180
1235	6235
21837	26837
21661	26661
42087	47087
30408	35408
3828	8828
29475	34475
29692	34692
41466	46466
28824	33824
48799	53799
34836	39836
6953	11953
20068	25068
47238	52238
14052	19052
17963	22963
3225	8225
24208	29208
1391	6391
44284	49284
11629	16629
1164	6164
17966	22966
13044	18044
6115	11115
16374	21374
24197	29197
504	5504
2743	7743
16977	21977
9660	14660
40996	45996
15251	20251
13347	18347
33486	38486
24589	29589
29542	34542
30850	35850
5325	10325
46993	51993
49357	54357
14657	19657
46499	51499
15784	20784
14010	19010
23403	28403
39338	44338
42761	47761
775	5775
39068	44068
41494	46494
41689	46689
49026	54026
27130	32130
26131	31131
33240	38240
35576	40576
34328	39328
30139	35139
1579	6579
35520	40520
35987	40987
30046	35046
28320	33320
44905	49905
47339	52339
35699	40699
1232	6232
4190	9190
6098	11098
35800	40800
737	5737
39955	44955
34193	39193
6737	11737
27626	32626
39692	44692
30216	35216
32867	37867
12814	17814
810	5810
1876	6876
19864	24864
37978	42978
25268	30268
37240	42240
10124	15124
28802	33802
17005	22005
19304	24304
44633	49633
29515	34515
11885	16885
3081	8081
5437	10437
849	5849
16026	21026
21237	26237
43767	48767
11087	16087
3225	8225
14503	19503
11999	16999
42088	47088
3229	8229
26794	31794
33620	38620
4156	9156
24676	29676
31882	36882
49592	54592
3253	8253
38608	43608
4644	9644
33916	38916
11759	16759
29095	34095
33439	38439
18467	23467
42440	47440
40404	45404
28122	33122
42947	47947
47920	52920
1036	6036
13417	18417
33843	38843
25210	30210
9300	14300
40354	45354
23057	28057
17118	22118
45745	50745
