200	5204935
861	5861
40397	45397
12227	17227
1588	6588
34309	39309
21844	26844
15338	20338
42934	47934
23859	28859
40643	45643
17944	22944
1828	6828
6353	11353
16088	21088
12079	17079
29426	34426
19493	24493
38396	43396
39585	44585
24430	29430
30757	35757
21880	26880
41173	46173
47992	52992
11105	16105
12232	17232
47435	52435
15480	20480
24837	29837
36668	41668
48117	53117
5328	10328
24330	29330
10736	15736
40302	45302
8741	13741
31769	36769
21086	26086
22793	27793
8305	13305
46150	51150
27338	32338
44301	49301
31613	36613
5927	10927
15978	20978
21674	26674
19346	24346
32916	37916
17846	22846
41755	46755
49566	54566
27056	32056
38821	43821
32026	37026
21361	26361
11186	16186
44461	49461
179	5179
42120	47120
5579	10579
8243	13243
38687	43687
27107	32107
17011	22011
4632	9632
639	5639
28635	33635
11737	16737
6961	11961
1287	6287
35343	40343
37632	42632
14357	19357
45934	50934
49158	54158
33763	38763
45333	50333
43884	48884
18714	23714
16086	21086
27213	32213
16338	21338
22602	27602
45787	50787
36684	41684
36565	41565
20956	25956
30294	35294
38309	43309
13807	18807
4247	9247
35600	40600
8440	13440
18098	23098
43362	48362
13007	18007
23913	28913
45602	50602
45876	50876
43687	48687
42413	47413
48264	53264
31434	36434
6808	11808
15343	20343
25124	30124
16258	21258
13075	18075
14319	19319
23082	28082
1531	6531
27275	32275
3810	8810
28869	33869
178	5178
40634	45634
44532	49532
27370	32370
27380	32380
30150	35150
16027	21027
11895	16895
39953	44953
30137	35137
10969	15969
1559	6559
13777	18777
26658	31658
44603	49603
30840	35840
49783	54783
16110	21110
49365	54365
4797	9797
41761	46761
33787	38787
21009	26009
34063	39063
43995	48995
19456	24456
17976	22976
46198	51198
18341	23341
34319	39319
38364	43364
26127	31127
41928	46928
42215	47215
41593	46593
45455	50455
25244	30244
16849	21849
8405	13405
25330	30330
30982	35982
46273	51273
9623	14623
43268	48268
40249	45249
43951	48951
42991	47991
40787	45787
4442	9442
42774	47774
17707	22707
28127	33127
17548	22548
8283	13283
21481	26481
27329	32329
48676	53676
29969	34969
47282	52282
42785	47785
14231	19231
21035	26035
15848	20848
28724	33724
49441	54441
6483	11483
26503	31503
3009	8009
44510	49510
31390	36390
19612	24612
20225	25225
47867	52867
23787	28787
12693	17693
1779	6779
27234	32234
14102	19102
30687	35687
31982	36982
14630	19630
9778	14778
21556	26556
49839	54839
24297	29297
