200	3002209
35093	40093
38574	43574
9540	14540
16316	21316
10861	15861
9949	14949
3310	8310
48620	53620
25182	30182
26848	31848
9060	14060
38903	43903
44397	49397
40286	45286
30713	35713
20680	25680
7196	12196
4604	9604
8690	13690
9541	14541
40842	45842
24768	29768
27211	32211
36797	41797
39782	44782
26910	31910
15780	20780
24325	29325
12386	17386
41726	46726
9842	14842
25739	30739
40072	45072
22758	27758
34386	39386
8278	13278
41809	46809
243	5243
34450	39450
3934	8934
18823	23823
4394	9394
41048	46048
32968	37968
26878	31878
18730	23730
47501	52501
10216	15216
4825	9825
30897	35897
15494	20494
11669	16669
29058	34058
6751	11751
37308	42308
48230	53230
2063	7063
17536	22536
41890	46890
38956	43956
18902	23902
44904	49904
15947	20947
16411	21411
22350	27350
35313	40313
2480	7480
2068	7068
16980	21980
32160	37160
38741	43741
14254	19254
39203	44203
29526	34526
31240	36240
42497	47497
28101	33101
36558	41558
2166	7166
30672	35672
36057	41057
38870	43870
20544	25544
26168	31168
13178	18178
39543	44543
29089	34089
2428	7428
17913	22913
48852	53852
41234	46234
2568	7568
44032	49032
28531	33531
4300	9300
21742	26742
48997	53997
30033	35033
34460	39460
25553	30553
26536	31536
39758	44758
4681	9681
36238	41238
48150	53150
13656	18656
19952	24952
24841	29841
24525	29525
29848	34848
46490	51490
36332	41332
16415	21415
730	5730
44436	49436
49628	54628
29690	34690
43143	48143
29113	34113
41879	46879
6013	11013
17504	22504
27006	32006
25367	30367
33692	38692
25992	30992
5217	10217
12657	17657
45717	50717
14830	19830
5162	10162
18608	23608
42355	47355
47989	52989
19591	24591
8456	13456
1884	6884
13748	18748
14446	19446
7421	12421
45914	50914
27910	32910
37658	42658
46369	51369
45690	50690
24308	29308
39855	44855
25814	30814
14792	19792
1425	6425
28740	33740
21884	26884
8784	13784
24	5024
30182	35182
19509	24509
34340	39340
20663	25663
15418	20418
45622	50622
18114	23114
34787	39787
1831	6831
3750	8750
35703	40703
21680	26680
32570	37570
18850	23850
27943	32943
10648	15648
4163	9163
9408	14408
47416	52416
42162	47162
343	5343
38297	43297
2781	7781
18570	23570
42518	47518
3246	8246
42875	47875
7235	12235
8014	13014
44806	49806
34057	39057
24233	29233
44743	49743
16725	21725
10616	15616
16819	21819
27901	32901
3524	8524
14351	19351
44004	49004
42466	47466
40617	45617
46428	51428
39023	44023
34945	39945
21458	26458
