200	4961480
15926	20926
39495	44495
9422	14422
38016	43016
38755	43755
28431	33431
5956	10956
29311	34311
12802	17802
21331	26331
23982	28982
16989	21989
3565	8565
48277	53277
31974	36974
39807	44807
49817	54817
22277	27277
49812	54812
28528	33528
14112	19112
9714	14714
36166	41166
18367	23367
36380	41380
1800	6800
26810	31810
32514	37514
47746	52746
12033	17033
14140	19140
16833	21833
36654	41654
49321	54321
20690	25690
10119	15119
35419	40419
10938	15938
48249	53249
3138	8138
33465	38465
47671	52671
11870	16870
19248	24248
30260	35260
4425	9425
41284	46284
22567	27567
31239	36239
25539	30539
44813	49813
28615	33615
8887	13887
12359	17359
7343	12343
30402	35402
703	5703
8109	13109
25490	30490
27112	32112
30353	35353
6593	11593
2988	7988
6032	11032
41699	46699
35075	40075
38135	43135
35044	40044
12009	17009
4063	9063
10554	15554
1482	6482
43410	48410
9592	14592
42090	47090
3684	8684
48863	53863
36473	41473
9419	14419
33660	38660
11941	16941
42734	47734
32557	37557
8273	13273
49816	54816
22819	27819
35382	40382
30585	35585
17462	22462
18368	23368
16753	21753
17651	22651
28261	33261
13764	18764
47646	52646
15529	20529
33425	38425
46159	51159
10239	15239
9260	14260
37680	42680
42488	47488
7367	12367
48197	53197
22181	27181
6671	11671
34708	39708
10212	15212
8410	13410
49103	54103
2157	7157
6369	11369
48819	53819
46906	51906
40409	45409
3360	8360
9365	14365
39181	44181
34415	39415
49692	54692
12901	17901
3901	8901
9783	14783
40256	45256
39474	44474
4087	9087
45702	50702
45484	50484
26051	31051
49744	54744
35992	40992
36762	41762
30381	35381
49219	54219
20629	25629
31254	36254
4091	9091
15498	20498
20423	25423
48760	53760
16603	21603
20036	25036
46583	51583
16762	21762
10302	15302
19963	24963
7896	12896
8653	13653
8060	13060
5092	10092
39648	44648
33128	38128
46518	51518
36346	41346
27419	32419
39017	44017
24729	29729
34932	39932
43837	48837
47430	52430
21065	26065
14874	19874
10799	15799
48302	53302
12549	17549
37162	42162
23759	28759
3130	8130
24865	29865
3814	8814
3246	8246
34526	39526
11307	16307
38045	43045
15541	20541
15332	20332
28437	33437
3524	8524
4026	9026
36153	41153
39939	44939
5168	10168
5589	10589
39733	44733
2324	7324
15661	20661
22980	27980
32243	37243
20989	25989
16134	21134
39769	44769
38672	43672
19742	24742
24486	29486
21736	26736
11105	16105
47302	52302
2316	7316
8423	13423
41114	46114
