200	3064586
11603	16603
43216	48216
49879	54879
8615	13615
15065	20065
34752	39752
49451	54451
10859	15859
49203	54203
45459	50459
38909	43909
20472	25472
28098	33098
3892	8892
32944	37944
20159	25159
29079	34079
10447	15447
162	5162
34030	39030
36351	41351
48821	53821
16841	21841
3801	8801
23151	28151
28969	33969
7078	12078
49755	54755
48684	53684
8184	13184
17355	22355
16923	21923
35224	40224
3402	8402
9623	14623
16972	21972
26287	31287
40602	45602
5333	10333
9585	14585
6686	11686
42127	47127
8483	13483
22307	27307
13939	18939
33685	38685
24226	29226
47419	52419
9366	14366
34641	39641
9878	14878
28028	33028
18518	23518
43314	48314
3075	8075
32100	37100
25571	30571
26097	31097
30177	35177
43284	48284
30221	35221
45720	50720
15325	20325
37879	42879
3673	8673
42167	47167
30242	35242
36683	41683
40511	45511
8775	13775
16116	21116
39189	44189
30988	35988
11927	16927
19991	24991
24030	29030
18803	23803
20888	25888
23558	28558
7992	12992
23444	28444
43340	48340
15010	20010
22484	27484
43752	48752
37350	42350
41729	46729
39253	44253
12967	17967
12341	17341
14312	19312
41917	46917
8344	13344
39808	44808
45288	50288
14563	19563
3677	8677
9081	14081
31115	36115
17737	22737
2695	7695
24638	29638
20441	25441
10733	15733
41325	46325
44299	49299
26958	31958
40909	45909
32507	37507
42249	47249
25718	30718
11602	16602
30949	35949
44239	49239
11944	16944
46358	51358
34274	39274
5809	10809
22393	27393
6006	11006
43343	48343
45122	50122
13630	18630
35438	40438
5103	10103
28039	33039
577	5577
17083	22083
45739	50739
9727	14727
23548	28548
24612	29612
5355	10355
17338	22338
47359	52359
46649	51649
2413	7413
30346	35346
39352	44352
37548	42548
43833	48833
19910	24910
29131	34131
40434	45434
39980	44980
8783	13783
11216	16216
24677	29677
400	5400
26691	31691
27372	32372
21321	26321
12948	17948
7299	12299
72	5072
38639	43639
15055	20055
37117	42117
36460	41460
763	5763
16658	21658
45576	50576
46331	51331
37789	42789
10246	15246
4510	9510
42046	47046
48520	53520
36446	41446
18145	23145
46192	51192
8897	13897
6922	11922
28820	33820
13940	18940
6031	11031
42917	47917
19599	24599
39718	44718
45417	50417
40462	45462
19932	24932
45001	50001
10271	15271
29445	34445
48863	53863
45443	50443
7290	12290
33760	38760
24463	29463
42460	47460
44314	49314
5671	10671
2497	7497
14714	19714
36532	41532
23073	28073
30937	35937
29197	34197
29313	34313
