200	995356
48318	53318
30416	35416
14806	19806
47069	52069
32144	37144
22715	27715
11157	16157
48779	53779
3122	8122
14799	19799
20325	25325
2321	7321
18065	23065
26802	31802
5563	10563
11435	16435
23711	28711
17728	22728
24266	29266
8515	13515
29047	34047
26888	31888
39903	44903
1135	6135
24594	29594
39815	44815
21902	26902
18980	23980
3107	8107
15069	20069
13727	18727
1560	6560
47077	52077
21280	26280
32894	37894
28486	33486
31179	36179
38975	43975
14960	19960
9363	14363
25604	30604
37223	42223
9105	14105
48742	53742
35648	40648
23515	28515
15862	20862
24966	29966
12427	17427
32908	37908
15328	20328
29495	34495
16183	21183
17922	22922
44648	49648
8250	13250
1856	6856
29680	34680
505	5505
44794	49794
39209	44209
29033	34033
6279	11279
41633	46633
40455	45455
8742	13742
4459	9459
34215	39215
24928	29928
112	5112
31023	36023
12589	17589
27227	32227
37907	42907
22243	27243
13069	18069
6705	11705
21770	26770
18246	23246
36291	41291
11026	16026
29949	34949
44348	49348
21923	26923
45800	50800
29667	34667
32797	37797
32256	37256
27361	32361
16865	21865
21186	26186
5030	10030
4605	9605
20867	25867
4659	9659
36285	41285
39066	44066
31604	36604
45216	50216
2158	7158
46989	51989
45816	50816
40648	45648
20427	25427
32083	37083
289	5289
10185	15185
12984	17984
34483	39483
28507	33507
4510	9510
62	5062
40170	45170
18620	23620
23915	28915
48124	53124
3406	8406
48104	53104
650	5650
49186	54186
23331	28331
29939	34939
30196	35196
2098	7098
35949	40949
30827	35827
1886	6886
45924	50924
38988	43988
30868	35868
44545	49545
48606	53606
20215	25215
4639	9639
15840	20840
46133	51133
25077	30077
17632	22632
15453	20453
12355	17355
4762	9762
42464	47464
49582	54582
15554	20554
26073	31073
41343	46343
21272	26272
27007	32007
26769	31769
15199	20199
48567	53567
14652	19652
16807	21807
27363	32363
18710	23710
41246	46246
18376	23376
41913	46913
18140	23140
27866	32866
28474	33474
5174	10174
25458	30458
12018	17018
43897	48897
38344	43344
17902	22902
45820	50820
30481	35481
14099	19099
15746	20746
36142	41142
7259	12259
26579	31579
48975	53975
38862	43862
17019	22019
10272	15272
49765	54765
36373	41373
49416	54416
13882	18882
33079	38079
21601	26601
42651	47651
24193	29193
4485	9485
39705	44705
874	5874
8526	13526
14969	19969
41989	46989
22643	27643
44899	49899
44804	49804
3930	8930
30543	35543
29437	34437
4169	9169
48900	53900
