200	5059585
38588	43588
9863	14863
39787	44787
10607	15607
38570	43570
46653	51653
36562	41562
2738	7738
18141	23141
2521	7521
2084	7084
47173	52173
5404	10404
41933	46933
20211	25211
36925	41925
9534	14534
14206	19206
32764	37764
24277	29277
16195	21195
20667	25667
32711	37711
13519	18519
8734	13734
6249	11249
49331	54331
28712	33712
41291	46291
33081	38081
4915	9915
40613	45613
27021	32021
46789	51789
22599	27599
12888	17888
29241	34241
22281	27281
31498	36498
762	5762
46900	51900
48018	53018
16089	21089
30628	35628
42701	47701
22536	27536
3429	8429
32333	37333
44257	49257
13288	18288
15060	20060
34018	39018
4882	9882
39836	44836
48336	53336
992	5992
3074	8074
1952	6952
24451	29451
330	5330
7914	12914
44326	49326
25955	30955
25942	30942
26188	31188
13536	18536
49609	54609
41899	46899
2879	7879
24525	29525
40305	45305
10637	15637
13606	18606
38445	43445
45681	50681
33619	38619
33841	38841
11717	16717
12091	17091
34470	39470
1489	6489
26074	31074
35664	40664
45604	50604
13784	18784
3780	8780
11780	16780
36904	41904
42513	47513
1613	6613
46222	51222
3099	8099
2191	7191
10915	15915
46032	51032
39944	44944
34075	39075
21633	26633
6677	11677
765	5765
32515	37515
47794	52794
31614	36614
17963	22963
47126	52126
47994	52994
24436	29436
24787	29787
37193	42193
9467	14467
20691	25691
46825	51825
33297	38297
11578	16578
30229	35229
47240	52240
48664	53664
12499	17499
17326	22326
11918	16918
21036	26036
48302	53302
38688	43688
18848	23848
44527	49527
26386	31386
13540	18540
5795	10795
25831	30831
13063	18063
44471	49471
26144	31144
36079	41079
46452	51452
4567	9567
23903	28903
22680	27680
4121	9121
17971	22971
20487	25487
27466	32466
18000	23000
16798	21798
14600	19600
46263	51263
12302	17302
47287	52287
12978	17978
37916	42916
7478	12478
6818	11818
40927	45927
37896	42896
41247	46247
8311	13311
10303	15303
46931	51931
545	5545
38229	43229
15049	20049
39879	44879
31537	36537
6784	11784
28644	33644
44095	49095
1435	6435
45528	50528
30510	35510
37306	42306
3093	8093
49307	54307
44006	49006
9648	14648
6030	11030
21098	26098
37854	42854
4098	9098
25621	30621
23512	28512
23204	28204
17283	22283
23847	28847
16790	21790
28278	33278
33025	38025
29907	34907
44443	49443
44197	49197
30648	35648
46719	51719
41812	46812
26412	31412
17505	22505
28102	33102
19127	24127
19534	24534
34205	39205
5768	10768
32822	37822
17808	22808
