200	4013880
41699	46699
10692	15692
36068	41068
44819	49819
40037	45037
16768	21768
26423	31423
39989	44989
45173	50173
7634	12634
34953	39953
34836	39836
6413	11413
5953	10953
17081	22081
49359	54359
26242	31242
40851	45851
46113	51113
38412	43412
41059	46059
20472	25472
14497	19497
1378	6378
46306	51306
27040	32040
19149	24149
12456	17456
17624	22624
18452	23452
941	5941
45375	50375
29325	34325
26007	31007
36787	41787
25923	30923
49007	54007
48885	53885
41178	46178
1538	6538
2554	7554
17971	22971
32411	37411
28708	33708
14946	19946
12611	17611
31092	36092
6808	11808
22307	27307
7086	12086
3857	8857
34219	39219
49669	54669
16860	21860
20976	25976
23144	28144
13485	18485
2980	7980
27081	32081
10026	15026
23641	28641
47339	52339
24616	29616
37474	42474
4392	9392
23093	28093
16740	21740
22386	27386
44742	49742
42133	47133
46880	51880
7137	12137
43155	48155
36367	41367
42609	47609
12408	17408
17807	22807
33172	38172
26449	31449
29755	34755
7648	12648
37341	42341
33227	38227
5397	10397
18453	23453
8900	13900
13855	18855
491	5491
39717	44717
4833	9833
48278	53278
407	5407
25954	30954
47249	52249
48301	53301
21748	26748
29693	34693
37338	42338
39097	44097
29901	34901
27430	32430
49092	54092
13977	18977
7426	12426
14084	19084
29191	34191
38188	43188
7336	12336
16611	21611
26898	31898
13112	18112
28652	33652
18012	23012
19786	24786
25355	30355
8263	13263
42152	47152
27722	32722
15610	20610
22022	27022
12610	17610
45869	50869
5901	10901
9048	14048
46048	51048
20350	25350
40393	45393
11212	16212
40812	45812
45216	50216
25447	30447
36736	41736
260	5260
45495	50495
26784	31784
40550	45550
8587	13587
19213	24213
13850	18850
9990	14990
4035	9035
26997	31997
42026	47026
20556	25556
11278	16278
5543	10543
22636	27636
18296	23296
19913	24913
44942	49942
23004	28004
40445	45445
34310	39310
45614	50614
44981	49981
39876	44876
49902	54902
21022	26022
18049	23049
27534	32534
33944	38944
32720	37720
17357	22357
14556	19556
16364	21364
20721	25721
9805	14805
43013	48013
4131	9131
32378	37378
11547	16547
27168	32168
22917	27917
17435	22435
49390	54390
30691	35691
22401	27401
7058	12058
36107	41107
19348	24348
45853	50853
1282	6282
7391	12391
20175	25175
17280	22280
24532	29532
15898	20898
9491	14491
10379	15379
22517	27517
34397	39397
3300	8300
16561	21561
33853	38853
27015	32015
39997	44997
2478	7478
39060	44060
42439	47439
29794	34794
