200	965607
7986	12986
14603	19603
32292	37292
20495	25495
5465	10465
37205	42205
37811	42811
39883	44883
48041	53041
16941	21941
39126	44126
177	5177
44908	49908
17330	22330
44699	49699
34773	39773
25011	30011
984	5984
2599	7599
2116	7116
3891	8891
20045	25045
48732	53732
3754	8754
6123	11123
35347	40347
49016	54016
2329	7329
40447	45447
20543	25543
30411	35411
2403	7403
23069	28069
10875	15875
29964	34964
4601	9601
19982	24982
19125	24125
42902	47902
2876	7876
8893	13893
38790	43790
9832	14832
21399	26399
376	5376
48554	53554
28835	33835
23405	28405
22461	27461
17352	22352
1992	6992
14763	19763
7572	12572
31481	36481
12133	17133
30898	35898
24763	29763
5446	10446
21636	26636
42859	47859
30663	35663
24268	29268
16098	21098
30429	35429
21756	26756
23760	28760
48441	53441
34801	39801
41905	46905
45991	50991
18433	23433
44061	49061
18901	23901
9231	14231
47716	52716
28603	33603
16163	21163
5923	10923
36498	41498
1932	6932
30021	35021
20803	25803
7050	12050
45156	50156
43022	48022
29656	34656
4146	9146
37495	42495
39182	44182
13621	18621
7916	12916
32269	37269
21770	26770
31607	36607
46479	51479
48647	53647
35423	40423
8773	13773
7012	12012
37821	42821
46889	51889
13109	18109
11300	16300
24426	29426
11243	16243
5864	10864
28760	33760
9044	14044
46429	51429
930	5930
13862	18862
17628	22628
9848	14848
8819	13819
824	5824
9590	14590
22554	27554
39039	44039
40140	45140
20120	25120
19984	24984
49303	54303
25499	30499
46981	51981
3161	8161
25426	30426
35005	40005
27795	32795
29827	34827
32896	37896
7311	12311
38690	43690
11899	16899
42102	47102
27360	32360
24527	29527
1316	6316
34410	39410
17832	22832
21565	26565
2449	7449
44018	49018
25434	30434
44957	49957
47504	52504
26001	31001
15955	20955
45384	50384
33408	38408
4301	9301
5348	10348
3095	8095
39567	44567
14605	19605
9346	14346
41942	46942
46129	51129
20685	25685
6605	11605
15220	20220
14992	19992
16301	21301
16319	21319
37615	42615
13064	18064
29571	34571
39261	44261
25211	30211
44647	49647
18872	23872
35154	40154
1423	6423
5585	10585
21489	26489
11784	16784
26453	31453
26162	31162
27918	32918
1497	6497
45031	50031
26776	31776
21343	26343
22598	27598
23463	28463
24750	29750
37252	42252
44721	49721
48402	53402
15786	20786
4715	9715
1815	6815
31627	36627
40506	45506
27718	32718
29029	34029
4160	9160
23797	28797
31423	36423
36330	41330
48064	53064
