200	943027
15075	20075
16141	21141
29121	34121
22716	27716
42097	47097
30573	35573
19414	24414
26504	31504
6679	11679
25899	30899
32460	37460
8361	13361
9656	14656
20919	25919
44553	49553
25098	30098
9048	14048
15729	20729
17734	22734
22023	27023
49387	54387
28251	33251
30440	35440
39632	44632
34602	39602
17331	22331
14899	19899
7275	12275
48559	53559
6714	11714
13562	18562
4456	9456
13410	18410
7037	12037
37680	42680
23812	28812
10709	15709
30443	35443
24108	29108
49644	54644
14665	19665
30085	35085
17785	22785
38761	43761
48252	53252
45727	50727
38148	43148
22139	27139
15664	20664
42759	47759
40780	45780
10827	15827
15022	20022
42905	47905
27848	32848
15938	20938
9574	14574
26457	31457
16954	21954
46277	51277
27827	32827
17572	22572
20902	25902
22486	27486
2589	7589
47257	52257
24338	29338
35612	40612
38281	43281
26672	31672
14594	19594
12179	17179
7885	12885
5304	10304
20345	25345
19151	24151
44924	49924
24812	29812
9315	14315
15716	20716
25336	30336
19560	24560
22146	27146
18138	23138
24097	29097
8802	13802
4673	9673
2958	7958
36101	41101
42291	47291
42018	47018
44176	49176
7859	12859
10074	15074
43885	48885
17496	22496
26492	31492
16042	21042
45378	50378
22615	27615
42424	47424
2368	7368
4560	9560
14519	19519
1833	6833
43526	48526
27033	32033
14968	19968
2960	7960
477	5477
40166	45166
7863	12863
9717	14717
40533	45533
30466	35466
14712	19712
32085	37085
43524	48524
3539	8539
46249	51249
10102	15102
19622	24622
42900	47900
27809	32809
12140	17140
4798	9798
15924	20924
41444	46444
18982	23982
30586	35586
8887	13887
381	5381
14133	19133
6773	11773
9818	14818
32028	37028
29708	34708
15020	20020
36257	41257
28251	33251
48830	53830
3640	8640
6380	11380
7847	12847
30291	35291
17402	22402
31447	36447
13915	18915
24700	29700
3045	8045
48453	53453
46556	51556
11221	16221
22660	27660
23850	28850
402	5402
24431	29431
41268	46268
10070	15070
16977	21977
19850	24850
27346	32346
3369	8369
9150	14150
8455	13455
48265	53265
20576	25576
41877	46877
14409	19409
5928	10928
25959	30959
10004	15004
44672	49672
36506	41506
45459	50459
1782	6782
6466	11466
10686	15686
29450	34450
20929	25929
16467	21467
17626	22626
11867	16867
38094	43094
14712	19712
31839	36839
12273	17273
34837	39837
26823	31823
37028	42028
31139	36139
48297	53297
46653	51653
46869	51869
15175	20175
21377	26377
17584	22584
45010	50010
8838	13838
25830	30830
