200	2968861
9869	14869
6118	11118
33428	38428
43215	48215
13796	18796
31323	36323
25811	30811
34670	39670
28727	33727
29324	34324
44079	49079
10914	15914
25635	30635
10232	15232
25071	30071
24491	29491
44552	49552
4661	9661
23736	28736
1587	6587
35536	40536
26660	31660
38229	43229
10120	15120
7376	12376
11987	16987
46453	51453
35977	40977
17794	22794
48899	53899
45204	50204
49610	54610
34586	39586
43910	48910
28809	33809
47254	52254
2489	7489
25463	30463
1009	6009
34119	39119
39810	44810
17998	22998
9646	14646
32675	37675
22822	27822
42265	47265
44435	49435
13127	18127
41164	46164
7851	12851
18013	23013
26822	31822
26175	31175
34260	39260
7155	12155
46507	51507
8186	13186
16768	21768
46857	51857
46049	51049
50000	55000
19854	24854
24888	29888
39079	44079
15489	20489
17520	22520
16392	21392
20641	25641
20093	25093
9638	14638
7487	12487
39418	44418
12571	17571
3556	8556
7190	12190
16375	21375
20313	25313
47995	52995
29836	34836
42658	47658
14596	19596
27021	32021
21153	26153
8576	13576
32782	37782
27448	32448
591	5591
2630	7630
7838	12838
14606	19606
25380	30380
38914	43914
4590	9590
38158	43158
46349	51349
22131	27131
26075	31075
18862	23862
41677	46677
3114	8114
13969	18969
25298	30298
47136	52136
7637	12637
29315	34315
44172	49172
15421	20421
3284	8284
9715	14715
496	5496
37922	42922
44602	49602
16845	21845
47013	52013
35500	40500
41309	46309
15113	20113
11620	16620
32189	37189
34948	39948
23541	28541
17185	22185
37890	42890
34062	39062
18208	23208
11392	16392
23792	28792
7706	12706
38232	43232
21434	26434
20001	25001
27305	32305
34106	39106
19297	24297
29124	34124
23832	28832
19823	24823
45236	50236
19974	24974
774	5774
47983	52983
3689	8689
34493	39493
29654	34654
43332	48332
1645	6645
2057	7057
48641	53641
29809	34809
5295	10295
9624	14624
7229	12229
21045	26045
22545	27545
46132	51132
13676	18676
44204	49204
7604	12604
44715	49715
3207	8207
30088	35088
43335	48335
30141	35141
18933	23933
23725	28725
28752	33752
33434	38434
45528	50528
1638	6638
44286	49286
31188	36188
11147	16147
18304	23304
15936	20936
15032	20032
1358	6358
20921	25921
8371	13371
1243	6243
41374	46374
22653	27653
30367	35367
36322	41322
41982	46982
4822	9822
8156	13156
23170	28170
4120	9120
28501	33501
24998	29998
46287	51287
24651	29651
22030	27030
22308	27308
13959	18959
26206	31206
37510	42510
29171	34171
37972	42972
40015	45015
