200	3972439
24360	29360
33083	38083
43153	48153
28536	33536
1919	6919
34252	39252
32926	37926
39551	44551
7837	12837
24324	29324
18458	23458
22413	27413
18903	23903
13471	18471
47650	52650
9077	14077
35527	40527
45699	50699
37792	42792
8234	13234
41706	46706
17746	22746
42961	47961
25961	30961
4077	9077
7812	12812
1500	6500
31381	36381
35832	40832
32676	37676
47628	52628
43201	48201
11960	16960
13585	18585
41881	46881
39851	44851
35599	40599
23421	28421
38738	43738
3042	8042
16641	21641
36370	41370
4443	9443
21049	26049
22270	27270
29665	34665
16502	21502
12544	17544
9907	14907
22341	27341
48615	53615
36563	41563
11273	16273
40355	45355
194	5194
23378	28378
37517	42517
13653	18653
46507	51507
47372	52372
34744	39744
9515	14515
27176	32176
32297	37297
35033	40033
47000	52000
17872	22872
17347	22347
24525	29525
9468	14468
49867	54867
31889	36889
21873	26873
24796	29796
8954	13954
4796	9796
24018	29018
41845	46845
42166	47166
40639	45639
48524	53524
10322	15322
49344	54344
42582	47582
36581	41581
21746	26746
30329	35329
16266	21266
24979	29979
43033	48033
3089	8089
23315	28315
23903	28903
14205	19205
21468	26468
10744	15744
3877	8877
21563	26563
34413	39413
21621	26621
23635	28635
37946	42946
11752	16752
14589	19589
2845	7845
44885	49885
33630	38630
37819	42819
15405	20405
3187	8187
9073	14073
8630	13630
46677	51677
7263	12263
20354	25354
34948	39948
29752	34752
18667	23667
3515	8515
39146	44146
48845	53845
17507	22507
41731	46731
14720	19720
34991	39991
18400	23400
9624	14624
45013	50013
42299	47299
44997	49997
44145	49145
49489	54489
11148	16148
37623	42623
16976	21976
13409	18409
21002	26002
17513	22513
16224	21224
41299	46299
25772	30772
19	5019
7012	12012
6457	11457
29485	34485
11662	16662
26957	31957
43989	48989
19875	24875
20661	25661
1322	6322
1957	6957
9401	14401
11526	16526
35324	40324
42725	47725
25692	30692
6662	11662
11873	16873
33555	38555
44066	49066
9264	14264
37939	42939
8948	13948
49558	54558
32097	37097
35497	40497
9680	14680
12256	17256
16417	21417
13932	18932
2094	7094
10753	15753
33443	38443
12537	17537
41090	46090
38878	43878
46813	51813
10843	15843
44210	49210
16747	21747
20002	25002
25171	30171
19565	24565
13113	18113
42591	47591
3981	8981
39504	44504
23377	28377
36097	41097
4238	9238
13047	18047
5230	10230
35721	40721
13439	18439
18197	23197
20506	25506
35254	40254
1916	6916
45443	50443
