200	4879421
40557	45557
15456	20456
32841	37841
34777	39777
48312	53312
47565	52565
14835	19835
12800	17800
23770	28770
49496	54496
16959	21959
39833	44833
41737	46737
2074	7074
11559	16559
48150	53150
23682	28682
40771	45771
6416	11416
5825	10825
31452	36452
18023	23023
4071	9071
46679	51679
20383	25383
18694	23694
49029	54029
40250	45250
937	5937
31681	36681
1427	6427
17016	22016
40868	45868
15364	20364
46347	51347
30473	35473
27005	32005
21498	26498
3109	8109
12954	17954
26510	31510
6197	11197
26336	31336
5014	10014
41792	46792
42473	47473
19402	24402
12939	17939
2552	7552
49137	54137
39447	44447
20383	25383
17378	22378
29207	34207
5024	10024
946	5946
32680	37680
532	5532
1551	6551
31670	36670
15993	20993
28862	33862
46728	51728
27160	32160
17041	22041
45330	50330
45933	50933
35293	40293
7461	12461
26889	31889
33459	38459
6155	11155
36180	41180
36459	41459
3148	8148
47179	52179
36469	41469
24341	29341
8871	13871
35511	40511
34136	39136
23170	28170
146	5146
28595	33595
18168	23168
48499	53499
11055	16055
39363	44363
13003	18003
3729	8729
45117	50117
24568	29568
31013	36013
15434	20434
28654	33654
38270	43270
15575	20575
35776	40776
23812	28812
28218	33218
37005	42005
5788	10788
29619	34619
22345	27345
26072	31072
25266	30266
3504	8504
24206	29206
17354	22354
40715	45715
42636	47636
824	5824
28093	33093
1850	6850
37999	42999
20895	25895
1095	6095
49287	54287
10299	15299
24223	29223
32143	37143
20000	25000
16488	21488
20626	25626
1285	6285
33327	38327
48341	53341
42924	47924
12810	17810
1711	6711
34878	39878
21163	26163
47733	52733
44929	49929
17329	22329
18108	23108
44986	49986
3209	8209
8509	13509
24129	29129
18048	23048
22597	27597
15374	20374
46457	51457
12921	17921
3717	8717
33729	38729
33729	38729
31541	36541
37293	42293
39765	44765
5925	10925
28422	33422
38666	43666
15268	20268
14041	19041
11028	16028
956	5956
39187	44187
45411	50411
13079	18079
7712	12712
6783	11783
10304	15304
33485	38485
31800	36800
21158	26158
44920	49920
11123	16123
30497	35497
23769	28769
19192	24192
41557	46557
36182	41182
6948	11948
48867	53867
28375	33375
6682	11682
42083	47083
23740	28740
5080	10080
10911	15911
34266	39266
26649	31649
5625	10625
29662	34662
15584	20584
6790	11790
21063	26063
7881	12881
10847	15847
34699	39699
9427	14427
4101	9101
36773	41773
4455	9455
43301	48301
44725	49725
26424	31424
34401	39401
