200	4146126
4039	9039
19241	24241
2047	7047
35931	40931
12293	17293
45121	50121
43349	48349
48289	53289
39813	44813
10793	15793
13744	18744
29292	34292
47777	52777
44467	49467
28401	33401
35377	40377
32825	37825
3629	8629
18970	23970
21924	26924
39196	44196
34566	39566
40108	45108
27186	32186
40367	45367
29643	34643
27144	32144
2811	7811
46975	51975
44878	49878
21075	26075
8991	13991
14487	19487
22613	27613
47704	52704
36366	41366
40148	45148
40785	45785
2240	7240
20540	25540
17610	22610
16548	21548
10739	15739
44831	49831
33816	38816
41384	46384
29867	34867
15329	20329
23869	28869
14350	19350
40411	45411
28425	33425
42846	47846
44231	49231
12857	17857
19635	24635
48095	53095
2990	7990
8973	13973
47834	52834
28563	33563
31678	36678
35308	40308
46370	51370
48843	53843
49966	54966
30321	35321
23833	28833
45855	50855
18503	23503
48518	53518
498	5498
39861	44861
30341	35341
21584	26584
7588	12588
47156	52156
1217	6217
24686	29686
16786	21786
22872	27872
47331	52331
25386	30386
16835	21835
37931	42931
34804	39804
2544	7544
31298	36298
14393	19393
44895	49895
8124	13124
12576	17576
1180	6180
5521	10521
360	5360
14788	19788
24680	29680
36766	41766
43783	48783
24687	29687
31186	36186
16340	21340
27155	32155
31815	36815
42815	47815
4159	9159
48256	53256
19082	24082
4666	9666
16056	21056
12132	17132
46964	51964
3433	8433
15667	20667
1972	6972
46437	51437
49822	54822
15312	20312
21774	26774
48604	53604
31534	36534
36249	41249
31971	36971
6979	11979
17177	22177
19589	24589
41664	46664
18854	23854
28642	33642
19283	24283
4248	9248
13195	18195
42632	47632
40600	45600
8647	13647
13470	18470
30107	35107
32094	37094
32974	37974
5600	10600
39029	44029
24684	29684
38750	43750
12358	17358
15950	20950
21865	26865
32461	37461
42022	47022
30714	35714
42918	47918
21187	26187
29474	34474
32136	37136
906	5906
44629	49629
34787	39787
23629	28629
1007	6007
23967	28967
20865	25865
6313	11313
13300	18300
25920	30920
19992	24992
26472	31472
19078	24078
27473	32473
3845	8845
38008	43008
36447	41447
38010	43010
14663	19663
4643	9643
22325	27325
30435	35435
40094	45094
19656	24656
17241	22241
27901	32901
3514	8514
8880	13880
40932	45932
6627	11627
8912	13912
29046	34046
39772	44772
42887	47887
30807	35807
45201	50201
24803	29803
18733	23733
39332	44332
49218	54218
49563	54563
25613	30613
44020	49020
34070	39070
4333	9333
1456	6456
9146	14146
