200	4108423
13885	18885
34799	39799
16502	21502
20035	25035
42424	47424
18582	23582
7557	12557
30614	35614
15519	20519
32753	37753
14348	19348
13149	18149
34633	39633
35609	40609
36346	41346
2163	7163
40918	45918
37815	42815
27748	32748
4496	9496
12087	17087
45135	50135
35466	40466
15982	20982
20468	25468
37929	42929
8713	13713
29515	34515
7725	12725
19458	24458
14346	19346
8806	13806
21402	26402
19629	24629
22119	27119
34053	39053
21560	26560
32008	37008
49544	54544
34601	39601
2941	7941
28279	33279
18313	23313
16117	21117
24409	29409
48316	53316
4893	9893
41979	46979
43615	48615
4754	9754
27438	32438
5157	10157
14926	19926
16932	21932
40900	45900
12360	17360
12593	17593
40896	45896
25985	30985
3710	8710
40395	45395
46546	51546
40767	45767
23785	28785
21807	26807
12009	17009
700	5700
29625	34625
13658	18658
32345	37345
19758	24758
11473	16473
43559	48559
46203	51203
3904	8904
48293	53293
20761	25761
23951	28951
24615	29615
15789	20789
24033	29033
23249	28249
43727	48727
9300	14300
39983	44983
47049	52049
33354	38354
9485	14485
37694	42694
472	5472
42741	47741
806	5806
48838	53838
36047	41047
38344	43344
31238	36238
13430	18430
35710	40710
35465	40465
9682	14682
25534	30534
22668	27668
48018	53018
8146	13146
33210	38210
6004	11004
8639	13639
3556	8556
5662	10662
43591	48591
28075	33075
49382	54382
29092	34092
38492	43492
33986	38986
27620	32620
12665	17665
17072	22072
44769	49769
8610	13610
42281	47281
48753	53753
36544	41544
2954	7954
11120	16120
17106	22106
42493	47493
39012	44012
14197	19197
5674	10674
29863	34863
1431	6431
41452	46452
32048	37048
16982	21982
808	5808
40472	45472
39894	44894
48932	53932
32845	37845
39292	44292
2689	7689
41043	46043
21380	26380
48432	53432
9310	14310
6195	11195
48132	53132
29510	34510
14130	19130
29467	34467
33181	38181
44648	49648
41329	46329
37432	42432
32691	37691
29215	34215
23342	28342
31311	36311
48587	53587
15411	20411
48089	53089
46215	51215
47835	52835
1671	6671
30299	35299
16604	21604
44017	49017
38799	43799
4165	9165
17559	22559
35994	40994
44857	49857
11150	16150
8867	13867
16646	21646
49575	54575
9742	14742
23239	28239
40505	45505
40049	45049
22716	27716
26237	31237
8866	13866
23148	28148
43646	48646
40335	45335
8079	13079
19486	24486
12300	17300
23459	28459
4180	9180
18178	23178
37906	42906
4076	9076
46115	51115
7128	12128
12477	17477
43881	48881
32622	37622
