200	3959309
615	5615
26823	31823
26111	31111
17728	22728
23166	28166
44436	49436
27056	32056
16499	21499
15612	20612
20772	25772
39855	44855
43218	48218
40612	45612
19065	24065
10167	15167
9012	14012
14520	19520
19855	24855
34328	39328
39553	44553
41745	46745
19877	24877
35538	40538
3952	8952
49020	54020
23586	28586
9999	14999
36255	41255
19035	24035
4432	9432
25223	30223
45582	50582
14457	19457
427	5427
11311	16311
45561	50561
13929	18929
8162	13162
26641	31641
7504	12504
49288	54288
37438	42438
3999	8999
26441	31441
22940	27940
2364	7364
33840	38840
38447	43447
25112	30112
4932	9932
37393	42393
5608	10608
41233	46233
47265	52265
38445	43445
35290	40290
19333	24333
5454	10454
6423	11423
8254	13254
25682	30682
31984	36984
21500	26500
42608	47608
19324	24324
8208	13208
18554	23554
13150	18150
13071	18071
36016	41016
39448	44448
16228	21228
11469	16469
44317	49317
27156	32156
18298	23298
9254	14254
1284	6284
9404	14404
40718	45718
38143	43143
10722	15722
21697	26697
20034	25034
1485	6485
31332	36332
23040	28040
6645	11645
13507	18507
31232	36232
15030	20030
37231	42231
42020	47020
17785	22785
17960	22960
10472	15472
4542	9542
16411	21411
12983	17983
36194	41194
1177	6177
33414	38414
48943	53943
1146	6146
30055	35055
25930	30930
19349	24349
22504	27504
21315	26315
3935	8935
16707	21707
28427	33427
33419	38419
29783	34783
46632	51632
2361	7361
17395	22395
1363	6363
5597	10597
46313	51313
25926	30926
48383	53383
22773	27773
40480	45480
36354	41354
41570	46570
32922	37922
14731	19731
49716	54716
14560	19560
18203	23203
6396	11396
31948	36948
40771	45771
4171	9171
39980	44980
14190	19190
48524	53524
33330	38330
42884	47884
34691	39691
33478	38478
2578	7578
48447	53447
3781	8781
5350	10350
37699	42699
23374	28374
45095	50095
17400	22400
7248	12248
29160	34160
49578	54578
5936	10936
37051	42051
12544	17544
26514	31514
48702	53702
34672	39672
24110	29110
40478	45478
17149	22149
7681	12681
47627	52627
1761	6761
34553	39553
17612	22612
9717	14717
32577	37577
4264	9264
3686	8686
36511	41511
49161	54161
30205	35205
18572	23572
28218	33218
11024	16024
47168	52168
32027	37027
29125	34125
40372	45372
18788	23788
46263	51263
26537	31537
49538	54538
30019	35019
15793	20793
30719	35719
35054	40054
48983	53983
25975	30975
9393	14393
33919	38919
44184	49184
24631	29631
23633	28633
8207	13207
39616	44616
12670	17670
27693	32693
