200	2984337
46261	51261
942	5942
31003	36003
46331	51331
16242	21242
13725	18725
44706	49706
12345	17345
42420	47420
10183	15183
21899	26899
23595	28595
44400	49400
17383	22383
48800	53800
10497	15497
2601	7601
16496	21496
7337	12337
32366	37366
23992	28992
20739	25739
32285	37285
22581	27581
28189	33189
33072	38072
32286	37286
42429	47429
34011	39011
33136	38136
33931	38931
49868	54868
47798	52798
30123	35123
3626	8626
26171	31171
34846	39846
5865	10865
8142	13142
33705	38705
28423	33423
38579	43579
20410	25410
9572	14572
34840	39840
30493	35493
27138	32138
15513	20513
175	5175
20755	25755
44151	49151
3194	8194
4653	9653
35428	40428
9044	14044
22753	27753
41163	46163
24458	29458
11644	16644
4191	9191
11527	16527
15053	20053
24627	29627
15064	20064
20392	25392
40778	45778
11369	16369
4146	9146
22827	27827
38876	43876
6742	11742
15925	20925
37722	42722
25244	30244
34946	39946
45105	50105
40786	45786
36286	41286
15082	20082
27922	32922
18725	23725
44935	49935
12583	17583
4442	9442
17282	22282
20815	25815
29794	34794
36479	41479
15909	20909
9893	14893
13076	18076
49415	54415
46309	51309
32555	37555
17490	22490
6299	11299
26807	31807
25354	30354
39447	44447
45894	50894
39611	44611
39061	44061
4447	9447
9887	14887
49096	54096
40737	45737
24227	29227
23267	28267
4917	9917
3336	8336
14570	19570
45506	50506
39753	44753
37209	42209
34894	39894
15562	20562
5034	10034
14013	19013
3393	8393
1892	6892
43372	48372
44857	49857
1331	6331
48800	53800
25359	30359
8517	13517
37788	42788
4314	9314
25199	30199
22223	27223
38755	43755
6253	11253
14452	19452
19624	24624
44793	49793
5558	10558
11360	16360
27330	32330
36330	41330
21720	26720
39904	44904
26680	31680
24697	29697
28611	33611
36267	41267
41242	46242
16105	21105
25056	30056
30830	35830
46641	51641
45254	50254
42202	47202
40288	45288
15107	20107
31402	36402
31842	36842
18873	23873
34967	39967
4584	9584
46438	51438
46462	51462
29128	34128
31719	36719
8798	13798
536	5536
23306	28306
25984	30984
37082	42082
11429	16429
19283	24283
32171	37171
11956	16956
14597	19597
18757	23757
11915	16915
14034	19034
4277	9277
17109	22109
24230	29230
28416	33416
21429	26429
24526	29526
49627	54627
13423	18423
2196	7196
29753	34753
14231	19231
26078	31078
43034	48034
26012	31012
6112	11112
23364	28364
31462	36462
45079	50079
8309	13309
15583	20583
36429	41429
14833	19833
41996	46996
21847	26847
