200	976391
34532	39532
18569	23569
34005	39005
15469	20469
39699	44699
24611	29611
39393	44393
25221	30221
14088	19088
15021	20021
22353	27353
45668	50668
44611	49611
14563	19563
35515	40515
40689	45689
47770	52770
15555	20555
26891	31891
45772	50772
23704	28704
23153	28153
20489	25489
42926	47926
7423	12423
29606	34606
6483	11483
32420	37420
992	5992
42198	47198
45057	50057
25114	30114
10112	15112
37339	42339
204	5204
31559	36559
38935	43935
39657	44657
7486	12486
15799	20799
20719	25719
34358	39358
31325	36325
698	5698
32614	37614
36712	41712
23552	28552
39843	44843
12337	17337
20243	25243
7449	12449
19625	24625
11962	16962
22330	27330
48143	53143
3526	8526
12540	17540
6918	11918
31180	36180
36221	41221
13200	18200
27769	32769
30735	35735
24858	29858
14521	19521
31230	36230
25443	30443
34654	39654
35680	40680
5476	10476
13870	18870
39348	44348
12726	17726
17694	22694
33037	38037
13051	18051
21053	26053
31696	36696
47320	52320
27332	32332
24540	29540
47746	52746
17707	22707
8584	13584
6587	11587
1609	6609
15959	20959
36039	41039
33587	38587
9477	14477
7487	12487
3706	8706
45030	50030
47414	52414
27590	32590
25482	30482
27012	32012
26657	31657
6385	11385
45108	50108
31161	36161
324	5324
16481	21481
34402	39402
32460	37460
8761	13761
28246	33246
3995	8995
30741	35741
18611	23611
17629	22629
10184	15184
37234	42234
24302	29302
29692	34692
5669	10669
4097	9097
22611	27611
2295	7295
16103	21103
37337	42337
30314	35314
246	5246
27310	32310
7932	12932
8637	13637
48927	53927
17443	22443
3272	8272
39702	44702
24271	29271
37979	42979
14785	19785
22852	27852
34322	39322
21425	26425
42792	47792
36482	41482
40470	45470
32116	37116
41236	46236
43966	48966
650	5650
41537	46537
10245	15245
49117	54117
19810	24810
14190	19190
5699	10699
17862	22862
18976	23976
5025	10025
13997	18997
17660	22660
38722	43722
44837	49837
25426	30426
7328	12328
10722	15722
36469	41469
20863	25863
14359	19359
33825	38825
42081	47081
31985	36985
6584	11584
15331	20331
10497	15497
32672	37672
22599	27599
41423	46423
1726	6726
46299	51299
36962	41962
33836	38836
24878	29878
28838	33838
39353	44353
42661	47661
9441	14441
6109	11109
11468	16468
41709	46709
12017	17017
1392	6392
46659	51659
26822	31822
3999	8999
47787	52787
32902	37902
19556	24556
12026	17026
46470	51470
6246	11246
10248	15248
38595	43595
679	5679
23403	28403
24691	29691
44924	49924
