200	2016186
22437	27437
39232	44232
26917	31917
19496	24496
22256	27256
16066	21066
42734	47734
28975	33975
30600	35600
42379	47379
7467	12467
15529	20529
31609	36609
31502	36502
38799	43799
10593	15593
6729	11729
45395	50395
43873	48873
20468	25468
38645	43645
9613	14613
34559	39559
32081	37081
23934	28934
1471	6471
345	5345
29642	34642
49351	54351
18952	23952
19438	24438
23476	28476
29165	34165
11106	16106
8450	13450
3921	8921
44464	49464
28052	33052
29559	34559
34771	39771
13165	18165
31082	36082
2623	7623
8897	13897
49647	54647
15245	20245
34754	39754
10255	15255
10113	15113
43426	48426
9789	14789
46398	51398
6624	11624
48900	53900
28166	33166
32089	37089
42182	47182
9351	14351
46754	51754
39054	44054
20792	25792
45049	50049
25774	30774
11484	16484
26071	31071
38300	43300
33871	38871
564	5564
9076	14076
25168	30168
24396	29396
1016	6016
29019	34019
42353	47353
23704	28704
8551	13551
36664	41664
8128	13128
8596	13596
10273	15273
7970	12970
6075	11075
30874	35874
26965	31965
44137	49137
3641	8641
497	5497
46816	51816
10943	15943
33406	38406
5668	10668
30380	35380
39311	44311
49810	54810
22651	27651
26468	31468
8609	13609
36480	41480
7161	12161
41546	46546
38151	43151
13480	18480
20273	25273
46720	51720
2905	7905
32652	37652
22359	27359
588	5588
691	5691
620	5620
28696	33696
5892	10892
18807	23807
42683	47683
17591	22591
3482	8482
37794	42794
33458	38458
29116	34116
43749	48749
31567	36567
20204	25204
48057	53057
42242	47242
44051	49051
47293	52293
22429	27429
12140	17140
39987	44987
46411	51411
24972	29972
19465	24465
12421	17421
1889	6889
32412	37412
39423	44423
18365	23365
4660	9660
12266	17266
42346	47346
44461	49461
10539	15539
38791	43791
44985	49985
24179	29179
46603	51603
10522	15522
41964	46964
15206	20206
13526	18526
46726	51726
25850	30850
48366	53366
18721	23721
30309	35309
37197	42197
5528	10528
36728	41728
18785	23785
4880	9880
45253	50253
14948	19948
35915	40915
36676	41676
27310	32310
36439	41439
10318	15318
32683	37683
32242	37242
15558	20558
45117	50117
44736	49736
12045	17045
17222	22222
34351	39351
17733	22733
25630	30630
11536	16536
22513	27513
16866	21866
48452	53452
38627	43627
14997	19997
6713	11713
1466	6466
21718	26718
21929	26929
31218	36218
5917	10917
29172	34172
34400	39400
2215	7215
47508	52508
47310	52310
10355	15355
38222	43222
7388	12388
28455	33455
35677	40677
24735	29735
