200	4980201
42391	47391
28182	33182
33258	38258
40074	45074
2891	7891
49457	54457
43970	48970
35024	40024
12533	17533
9892	14892
34641	39641
22978	27978
833	5833
19800	24800
36284	41284
4824	9824
19312	24312
19249	24249
313	5313
27305	32305
5877	10877
23682	28682
34346	39346
40007	45007
39885	44885
30770	35770
17521	22521
9775	14775
34185	39185
47722	52722
11352	16352
49393	54393
19439	24439
35267	40267
24629	29629
1631	6631
33242	38242
15114	20114
4811	9811
27796	32796
24614	29614
27581	32581
35090	40090
39687	44687
48954	53954
37849	42849
37911	42911
14562	19562
48089	53089
34483	39483
29084	34084
21900	26900
48286	53286
19361	24361
43358	48358
46222	51222
13749	18749
16070	21070
14728	19728
7214	12214
19525	24525
14992	19992
45920	50920
18150	23150
31336	36336
16458	21458
25702	30702
17862	22862
31867	36867
34246	39246
44614	49614
22929	27929
12483	17483
25812	30812
26070	31070
5402	10402
47301	52301
43916	48916
49115	54115
32071	37071
18419	23419
13536	18536
24852	29852
12024	17024
40411	45411
11266	16266
5396	10396
22242	27242
12223	17223
20210	25210
24795	29795
33793	38793
39930	44930
28903	33903
40007	45007
13490	18490
44017	49017
20103	25103
28388	33388
259	5259
35688	40688
10768	15768
14732	19732
20319	25319
42547	47547
45650	50650
3390	8390
39480	44480
31041	36041
9028	14028
15858	20858
18307	23307
10443	15443
47687	52687
10692	15692
24476	29476
15380	20380
29713	34713
25909	30909
16454	21454
3358	8358
18311	23311
47165	52165
3786	8786
25613	30613
7246	12246
45695	50695
234	5234
11709	16709
47536	52536
4702	9702
19299	24299
34208	39208
24032	29032
8468	13468
34427	39427
9622	14622
3520	8520
40488	45488
12626	17626
10901	15901
34520	39520
4415	9415
2018	7018
15359	20359
44258	49258
28322	33322
8899	13899
35796	40796
38599	43599
26325	31325
30072	35072
30591	35591
47140	52140
17639	22639
1624	6624
30915	35915
34245	39245
23106	28106
14777	19777
12290	17290
29127	34127
46552	51552
39797	44797
15295	20295
37013	42013
35948	40948
27922	32922
26457	31457
34009	39009
18643	23643
29843	34843
20954	25954
16643	21643
27639	32639
42148	47148
10314	15314
16	5016
42390	47390
49817	54817
16281	21281
33299	38299
44809	49809
14715	19715
37368	42368
28286	33286
5931	10931
887	5887
11748	16748
22694	27694
21644	26644
48473	53473
34855	39855
7740	12740
7840	12840
22911	27911
1286	6286
24987	29987
43415	48415
16646	21646
