200	1029083
29396	34396
39459	44459
39150	44150
11061	16061
40282	45282
1062	6062
18126	23126
8261	13261
47694	52694
37596	42596
30293	35293
28622	33622
38331	43331
27084	32084
45682	50682
27743	32743
19835	24835
49827	54827
30136	35136
25476	30476
31808	36808
26295	31295
4540	9540
36258	41258
27791	32791
36235	41235
6254	11254
29047	34047
43000	48000
7098	12098
27080	32080
32948	37948
16702	21702
47529	52529
40336	45336
22760	27760
23585	28585
5794	10794
27820	32820
15784	20784
4023	9023
48227	53227
41739	46739
17067	22067
17583	22583
44798	49798
28603	33603
2187	7187
44506	49506
32011	37011
20428	25428
45503	50503
44769	49769
25998	30998
15567	20567
36998	41998
22360	27360
3391	8391
9210	14210
43855	48855
32248	37248
28643	33643
35679	40679
42176	47176
34622	39622
48872	53872
25795	30795
25577	30577
22634	27634
7552	12552
325	5325
20261	25261
4186	9186
47737	52737
45846	50846
11920	16920
16513	21513
41342	46342
40702	45702
28354	33354
22477	27477
48983	53983
13046	18046
2823	7823
15303	20303
47325	52325
29141	34141
29474	34474
16746	21746
20045	25045
3520	8520
46513	51513
32121	37121
42068	47068
47605	52605
42598	47598
16853	21853
49004	54004
9022	14022
2029	7029
36233	41233
39657	44657
2829	7829
23779	28779
8020	13020
44410	49410
13822	18822
29644	34644
19607	24607
47880	52880
37293	42293
14604	19604
36041	41041
45419	50419
29288	34288
8163	13163
34891	39891
21087	26087
48682	53682
9268	14268
34625	39625
48731	53731
11444	16444
38019	43019
47757	52757
22357	27357
36196	41196
43257	48257
31207	36207
28974	33974
9183	14183
10605	15605
19691	24691
24854	29854
31298	36298
49707	54707
29357	34357
27876	32876
6120	11120
28054	33054
3084	8084
27193	32193
43299	48299
15885	20885
9871	14871
49370	54370
38000	43000
3417	8417
5086	10086
17207	22207
43941	48941
32170	37170
46371	51371
47490	52490
26489	31489
30266	35266
29325	34325
39714	44714
13458	18458
2327	7327
19910	24910
47821	52821
13050	18050
27200	32200
23821	28821
1076	6076
45188	50188
213	5213
14969	19969
4012	9012
37093	42093
49503	54503
26859	31859
6147	11147
5460	10460
16837	21837
23470	28470
16044	21044
25962	30962
14086	19086
3901	8901
37336	42336
205	5205
4602	9602
26291	31291
28660	33660
23679	28679
17289	22289
12005	17005
12097	17097
29018	34018
16497	21497
19463	24463
35600	40600
3488	8488
3279	8279
4739	9739
1166	6166
45540	50540
26749	31749
