200	1994599
44498	49498
6492	11492
24953	29953
45802	50802
7826	12826
10993	15993
48011	53011
29714	34714
37213	42213
5717	10717
45705	50705
45094	50094
4032	9032
41497	46497
27599	32599
29082	34082
11614	16614
41273	46273
13443	18443
8295	13295
29638	34638
21943	26943
2697	7697
33521	38521
14184	19184
49171	54171
12167	17167
18939	23939
20360	25360
3933	8933
42297	47297
34664	39664
37647	42647
16869	21869
34017	39017
15506	20506
49108	54108
7273	12273
21877	26877
13741	18741
48209	53209
7810	12810
24462	29462
9280	14280
27137	32137
40138	45138
7704	12704
49354	54354
4747	9747
24508	29508
41785	46785
49888	54888
3639	8639
4368	9368
4870	9870
26653	31653
35187	40187
2577	7577
31979	36979
19022	24022
41132	46132
24103	29103
19842	24842
44587	49587
30391	35391
31915	36915
30452	35452
24278	29278
37230	42230
1899	6899
13209	18209
3274	8274
3615	8615
10368	15368
20468	25468
49452	54452
9633	14633
18538	23538
15982	20982
4615	9615
35289	40289
37143	42143
31057	36057
34963	39963
16722	21722
7181	12181
27762	32762
39847	44847
15022	20022
26686	31686
8206	13206
35791	40791
5912	10912
33410	38410
31230	36230
30037	35037
41597	46597
27845	32845
41273	46273
28727	33727
23173	28173
13291	18291
11363	16363
22153	27153
29556	34556
34889	39889
16843	21843
23657	28657
36470	41470
14718	19718
22402	27402
725	5725
35817	40817
43534	48534
47465	52465
11360	16360
11369	16369
36884	41884
19833	24833
15177	20177
44813	49813
25848	30848
39853	44853
13605	18605
49686	54686
7398	12398
19709	24709
2652	7652
25645	30645
33106	38106
26580	31580
12452	17452
45686	50686
36562	41562
40752	45752
33635	38635
11471	16471
40908	45908
24920	29920
33194	38194
6747	11747
3745	8745
4864	9864
24365	29365
48280	53280
1872	6872
36775	41775
5461	10461
33194	38194
11710	16710
33652	38652
36351	41351
35123	40123
31483	36483
18817	23817
46514	51514
39559	44559
5515	10515
40772	45772
20114	25114
163	5163
32300	37300
8196	13196
31165	36165
2301	7301
14430	19430
41775	46775
42919	47919
3340	8340
8717	13717
17324	22324
20267	25267
10537	15537
37835	42835
24118	29118
26580	31580
39503	44503
38377	43377
33829	38829
43903	48903
19345	24345
967	5967
39278	44278
24621	29621
17892	22892
41859	46859
29212	34212
35532	40532
29800	34800
23220	28220
21685	26685
12426	17426
39257	44257
25146	30146
39877	44877
18718	23718
3058	8058
46368	51368
9835	14835
41652	46652
