200	2834310
15238	20238
39807	44807
3857	8857
48899	53899
29892	34892
46628	51628
9842	14842
11209	16209
42083	47083
19158	24158
3411	8411
41350	46350
45203	50203
35037	40037
19999	24999
8848	13848
49988	54988
19158	24158
21035	26035
17591	22591
32981	37981
23876	28876
16953	21953
28147	33147
28008	33008
27817	32817
23001	28001
49906	54906
27445	32445
33521	38521
25683	30683
36614	41614
22160	27160
14570	19570
11815	16815
3239	8239
18428	23428
44827	49827
32900	37900
6919	11919
12107	17107
8058	13058
16965	21965
11246	16246
626	5626
14243	19243
46963	51963
47909	52909
4309	9309
48530	53530
19100	24100
13511	18511
30126	35126
46904	51904
7959	12959
7058	12058
26813	31813
42891	47891
14808	19808
19057	24057
13658	18658
41620	46620
1312	6312
17187	22187
2446	7446
14345	19345
36195	41195
8609	13609
30833	35833
39764	44764
36225	41225
44459	49459
17532	22532
44899	49899
33949	38949
12933	17933
16459	21459
40859	45859
42548	47548
39003	44003
6222	11222
40964	45964
17394	22394
20243	25243
31388	36388
5935	10935
3362	8362
49825	54825
5563	10563
23185	28185
24124	29124
26677	31677
48478	53478
22873	27873
33656	38656
5707	10707
22695	27695
24280	29280
26486	31486
25155	30155
8447	13447
45767	50767
27735	32735
858	5858
3517	8517
46822	51822
25872	30872
2371	7371
1931	6931
23326	28326
43142	48142
25837	30837
36193	41193
17173	22173
3765	8765
36558	41558
34496	39496
13355	18355
48770	53770
8995	13995
24222	29222
2844	7844
46755	51755
31325	36325
6394	11394
31968	36968
11961	16961
47675	52675
44809	49809
21238	26238
49916	54916
1393	6393
8151	13151
49905	54905
47690	52690
2307	7307
32540	37540
9061	14061
30739	35739
3084	8084
31418	36418
4723	9723
7562	12562
14421	19421
8394	13394
20238	25238
15732	20732
4564	9564
18532	23532
17851	22851
5337	10337
37874	42874
34194	39194
5402	10402
11963	16963
29377	34377
43281	48281
29192	34192
47308	52308
45233	50233
13430	18430
5092	10092
8552	13552
16086	21086
29991	34991
37243	42243
40752	45752
1102	6102
21076	26076
34805	39805
47362	52362
38207	43207
42807	47807
7344	12344
8601	13601
6894	11894
4704	9704
6223	11223
16232	21232
32224	37224
7210	12210
35249	40249
40747	45747
5542	10542
1038	6038
9683	14683
23732	28732
18357	23357
6193	11193
36075	41075
2370	7370
32593	37593
47210	52210
44957	49957
9447	14447
30367	35367
4373	9373
1629	6629
7429	12429
18916	23916
