200	1962815
22236	27236
18097	23097
29840	34840
33891	38891
26316	31316
37428	42428
20998	25998
46936	51936
9363	14363
17065	22065
47494	52494
2069	7069
41320	46320
49314	54314
43029	48029
42785	47785
6338	11338
35732	40732
28375	33375
12860	17860
45932	50932
25993	30993
16176	21176
34016	39016
41470	46470
12311	17311
45293	50293
19069	24069
44161	49161
49112	54112
23727	28727
15254	20254
7288	12288
20388	25388
44509	49509
34345	39345
7879	12879
41355	46355
32765	37765
31266	36266
43857	48857
12571	17571
27991	32991
24050	29050
14216	19216
5513	10513
44644	49644
1753	6753
6657	11657
45346	50346
9182	14182
8223	13223
31178	36178
3468	8468
18398	23398
13149	18149
7609	12609
35864	40864
29473	34473
44332	49332
16156	21156
8710	13710
29933	34933
21615	26615
45667	50667
16081	21081
16078	21078
3271	8271
17822	22822
10	5010
37093	42093
6918	11918
20274	25274
40407	45407
27961	32961
46505	51505
14369	19369
30591	35591
2468	7468
18339	23339
4534	9534
14022	19022
11893	16893
18471	23471
18351	23351
6874	11874
31557	36557
1465	6465
40198	45198
17230	22230
25635	30635
47015	52015
47965	52965
46539	51539
312	5312
24125	29125
25375	30375
21940	26940
26592	31592
29371	34371
3450	8450
39719	44719
1143	6143
46108	51108
31206	36206
24541	29541
12220	17220
27047	32047
42198	47198
41959	46959
48904	53904
27910	32910
38051	43051
20862	25862
34719	39719
46437	51437
31222	36222
47292	52292
2489	7489
39030	44030
48479	53479
13730	18730
1243	6243
15893	20893
30206	35206
21840	26840
2665	7665
41355	46355
34408	39408
39720	44720
24205	29205
31009	36009
43593	48593
31395	36395
1693	6693
4185	9185
19325	24325
15535	20535
33944	38944
11816	16816
3662	8662
35178	40178
43266	48266
25387	30387
2153	7153
12007	17007
34532	39532
40202	45202
26293	31293
1357	6357
21563	26563
11911	16911
7184	12184
16201	21201
5911	10911
8414	13414
33705	38705
16453	21453
20847	25847
27557	32557
670	5670
16140	21140
42878	47878
21659	26659
22812	27812
19233	24233
21592	26592
44504	49504
9471	14471
19822	24822
47874	52874
12029	17029
24250	29250
8537	13537
34058	39058
3249	8249
4223	9223
44626	49626
33445	38445
32159	37159
2279	7279
22706	27706
31640	36640
17165	22165
35452	40452
22424	27424
47766	52766
29697	34697
23052	28052
20495	25495
6651	11651
43215	48215
10503	15503
36446	41446
6416	11416
29466	34466
47894	52894
214	5214
8886	13886
45318	50318
