500	7809981
30049	3716
48752	20225
26551	16194
48515	48829
24990	29505
24780	47482
9637	7379
32667	24419
35150	10950
977	33018
13787	9169
13590	47046
38375	521
28201	25015
11867	19824
49039	21025
19897	826
38234	4695
39861	38976
30463	49004
1250	26259
14887	25657
31500	37950
21676	24048
17572	9200
29615	17949
22950	40742
36649	8716
8447	44533
42938	11966
43593	16841
18381	3745
5380	20918
43496	35549
25136	7132
12616	43946
40960	7084
41746	10745
5354	22621
20890	23533
35277	43504
11467	24030
38656	16067
12770	1939
24091	8897
1241	2749
35352	6364
35510	3155
5746	44767
24053	28558
18534	10615
18572	16083
17244	25168
17938	38553
39703	6801
7971	21051
25561	302
31991	38641
32348	2447
31706	23547
2802	10920
9175	18882
16771	32166
13403	33729
3527	3449
6657	23877
3825	15193
38209	39883
3885	5164
15565	16842
20452	46900
35117	27162
17227	2891
23648	7281
12054	44002
31141	43401
19072	29752
26510	4113
21272	45701
35567	20828
42066	37168
17174	34231
13851	16241
30668	48546
43665	17150
45512	12652
40683	38460
61	5123
30533	21706
27903	36296
40858	34397
1059	37097
26657	26774
343	29674
30935	38480
17423	31170
44161	49249
565	37402
27471	61
14123	46956
46992	39670
21226	25275
9022	46888
2548	32039
35488	32098
38694	13022
41445	21588
19925	23070
4856	37522
44095	26332
37069	31447
23642	22433
26818	46981
42244	17839
32287	29125
7019	39848
37186	22380
9214	41408
12556	37847
41525	1485
49201	24588
34766	34939
33416	12055
37918	25335
44780	47530
26439	14444
1861	20170
14932	23412
49162	25921
30046	20632
35977	11146
19931	12658
3498	45979
38990	36211
32470	26348
48475	36910
23150	7723
45879	35572
48619	31582
353	23361
23217	12764
28986	18679
33202	43337
40301	38948
47525	44113
14779	35337
11739	19738
44445	7850
13152	39038
28977	20636
32199	18974
10394	21411
27138	21614
23509	40301
7530	48328
3088	13953
16947	27484
37045	2517
28324	7410
7084	17415
26191	29199
15426	25901
5892	44232
10227	25012
39054	3728
15935	6907
1421	19174
26005	19983
41740	11576
2503	11689
1062	10861
35580	44351
1906	20709
46375	40974
47531	11492
31382	10357
41885	24749
30669	6448
6978	5260
37466	12457
1291	17702
28733	32108
22736	39003
4660	12260
27984	25694
49734	2273
47857	39284
41568	7970
37070	4000
35582	45820
39495	15003
19525	4187
42622	10917
42257	5554
21462	17159
18278	1095
49388	20512
46192	29600
1968	15260
45413	25475
25172	19457
44717	45321
47884	7694
34189	4534
29105	6240
6256	26917
13536	15421
13207	11794
2749	7170
14214	19987
16731	14319
34848	18212
42066	12398
46236	865
23646	25760
27414	19
27909	17736
2560	21775
15646	24365
7011	7929
32775	16352
34299	49914
13035	28639
18216	7547
6679	48419
2184	15880
27810	26093
11394	8254
32279	11474
30923	9178
39051	31615
18424	10623
28416	46692
18475	8962
15386	29676
45715	15475
19600	23277
25472	23911
42948	39763
47375	49055
30111	2079
4399	36483
11051	1552
35660	41896
9804	39214
15296	3439
46976	42439
46222	17515
42764	43949
13417	11882
2300	20850
34410	13436
27475	13948
8175	3839
2403	32762
30426	21512
32574	32065
10949	26778
15411	17064
23783	19122
17545	9195
8164	25634
47116	38773
38129	28193
41327	43000
2729	31270
18726	15595
45277	47416
26763	30144
32313	27712
13885	11881
23226	45743
1751	20672
16450	47484
20308	1047
697	40504
28965	25061
47945	13344
7234	37988
35493	1462
19748	44087
15313	3449
18199	32375
20938	31973
49258	42049
30364	13451
31633	4908
25075	6273
48753	14407
4055	32451
38623	15414
15063	40265
47737	4080
11462	4912
25282	27449
46201	32360
26889	1448
43339	19049
30744	36012
40673	37049
16634	45995
40869	42
4886	43806
11125	21770
37048	38801
28303	29616
42140	18887
41020	29784
44683	40089
7231	46765
18644	25597
5047	33695
43837	6671
13674	27012
45044	22779
24241	12308
24313	12586
11211	23719
17009	30457
7784	34744
36839	40789
34963	42443
16295	7084
12204	12554
9081	5291
34665	26182
2759	38299
28541	31077
19159	39013
11322	25120
27006	22830
48551	17776
37848	30809
23754	1635
47409	24532
40062	40783
42231	45506
5424	45767
49204	8564
12804	44938
31900	14012
24282	2076
9790	2614
39525	9658
1167	27567
19433	47607
47250	40633
35461	23892
25854	47539
24037	36653
34051	40515
3150	30711
168	33972
22277	1663
47859	22809
44708	41440
2136	7408
13247	22740
26124	13897
24095	43648
21392	45513
10285	20796
36580	1138
27983	8672
26179	18246
15771	15479
10501	25561
8308	31408
14406	6921
25174	4702
11219	31731
6328	5910
30026	31975
25491	13229
43649	24070
27908	31953
33097	33017
43143	1907
7393	36087
47357	562
32157	42856
17726	18614
49722	48177
25795	25085
25007	37646
1306	7095
37422	45995
9841	3843
16757	16549
35562	881
19362	49027
11421	1737
22904	45045
43439	1916
13026	21569
12735	45078
9572	5025
868	2419
12443	8851
37315	17239
46929	24659
11760	43164
47672	18493
10264	22371
38821	43916
32432	15109
46029	9008
48595	4509
6670	1774
7842	28257
39566	5475
49954	27041
6426	16194
47936	46508
45767	41807
13855	30625
5449	2355
13903	31860
21346	37437
20738	20387
13656	47885
8544	19690
29583	1015
11428	5910
37498	33729
1926	39612
3192	29282
49714	10206
25993	44036
46813	20705
9695	9818
27372	24469
32228	26961
1082	15610
25996	33482
24508	3870
31447	24379
25991	35476
28452	20660
17685	34016
21512	44984
42961	22950
15101	64
27965	15590
26660	2013
24852	15138
21266	18008
24941	31950
45116	43024
35734	40541
33885	34497
44059	35843
37029	14396
32504	31375
322	45146
12944	21763
4015	12885
4463	17474
49081	2234
15424	7599
10170	1175
25896	33532
16927	31540
21266	25434
8643	32165
12870	43551
228	8569
18445	7892
6439	6893
17869	45805
4673	23991
33265	6415
20706	17280
5914	6538
39996	35657
46101	35671
25782	14822
13430	20052
45997	728
44281	18478
41520	8016
4956	15442
8426	42735
7127	31857
28112	34511
31878	31415
49054	11956
42666	47015
22409	13740
48928	47608
39931	28810
3349	36676
36293	34884
32132	40070
23842	19762
49477	13607
4622	11729
33925	17313
8903	30493
23581	3349
