500	4197705
37757	48278
6538	30044
38920	42246
26971	14930
299	41031
42928	39429
45060	27271
17796	24253
44111	43062
33680	40132
44109	5996
14984	15460
26689	10509
33331	48641
34066	14987
21505	49206
12066	28176
13709	22461
22811	22915
10024	1928
35136	24291
39778	1181
16847	25192
2817	18958
11043	35466
40897	2084
23024	22058
661	22093
7735	25578
48437	36443
39945	2051
31870	31251
47101	36095
35949	12868
29456	17924
34311	32646
36984	5593
9305	2052
48217	35116
13161	3779
22832	13450
49234	11353
42556	27505
26370	10546
9382	29824
20728	39764
26801	3187
42135	26102
38440	17832
10025	7479
27718	47286
41455	26118
329	36226
9869	31045
972	18432
10611	3498
28941	12644
39651	42108
1149	5540
4125	43212
34200	14266
45716	36624
42938	44704
18419	31870
19320	17250
44710	11883
40357	638
29598	26591
30075	22747
4471	5267
47611	22428
42485	13656
22302	25158
24176	43354
48384	44139
39320	14608
44014	36923
15969	22691
36731	8496
29634	23834
15683	11070
33120	29262
8690	39666
48894	40387
6340	18847
32629	27434
28187	11556
40724	30054
44386	41847
2556	42409
49929	4221
22513	33975
18132	14832
10607	5597
42906	6389
19998	44470
19202	17661
29773	22183
43236	14347
14524	7376
22664	26972
18201	22507
10125	34233
38909	24956
38738	13746
49292	30044
39507	10503
24235	16714
20089	36453
19120	2914
4445	5810
22821	8463
33738	48017
6332	42194
12253	6659
39055	10651
19235	37178
45545	25473
10031	14468
22007	35296
15597	21203
33951	23023
48657	34679
16926	2622
21162	31415
102	14035
26395	18152
43359	17742
6537	37564
39426	1741
9263	25524
20149	16077
8278	12598
4184	31302
1555	5804
20742	32573
33550	47126
20822	2196
14409	19334
4432	33052
6963	2565
47386	6266
37229	43108
12404	39610
7090	48029
49785	47856
8833	38651
42618	47750
36280	35230
23642	34775
23550	29016
9294	25862
35110	9996
14700	41481
4493	26612
14250	22137
47872	42701
12059	46750
28858	7809
41846	12234
5011	37787
34411	3776
7547	6254
33749	1432
11483	35106
16949	5919
19315	30804
11631	39209
16810	39207
27663	42924
8940	13850
36091	4686
49046	18271
47790	38504
20979	32931
30545	10480
17473	12086
13770	7559
6985	31677
17488	5400
29292	44406
25542	23532
9308	13178
28390	32636
10050	30158
30087	31183
49037	26498
15596	18215
41094	37982
49593	21764
12112	47610
15326	1951
45145	43692
39528	35295
40730	8209
17021	42884
41369	40824
45153	14192
30018	1830
10146	8587
30591	35377
33293	31185
35345	32332
31479	41385
30408	40035
17883	43658
22479	30934
10046	33523
48791	12138
41024	49022
23043	42235
42964	17315
47614	27726
45744	147
36246	4153
12439	11413
36730	3162
2063	8186
48884	42009
27355	43609
22611	21693
44055	13181
10333	11036
47032	37896
30593	20948
27849	33564
31282	43371
46832	17836
25347	17211
2652	35628
41096	29004
35295	48576
1336	13857
5453	27652
12386	44736
29212	13095
12413	13849
38962	25197
41945	38217
6	11209
43647	45765
16534	38402
799	34517
41522	30189
2634	14995
11007	3633
21969	1862
46168	18088
41306	6631
15333	20681
6768	18568
18924	13625
44877	33092
2089	6210
19003	2308
3107	7356
13704	42717
26646	43446
10661	15554
22573	44751
18933	8173
43313	23667
29057	884
26503	27495
30406	32977
5719	38444
12480	35003
11025	24312
38039	40300
11313	27843
15082	17929
32530	4794
38895	33208
9861	438
37073	3036
27650	48982
40226	11564
4147	14925
29898	7107
17533	19261
17195	46134
32548	25957
35417	42291
14478	48770
6350	19208
14621	31792
47674	25890
39274	18518
35024	26929
21138	13977
38712	48306
44147	48621
14392	29200
32877	35567
10996	22410
22668	6183
8518	31747
35919	14421
5997	37410
44370	5331
3729	17909
45037	19353
45881	28509
40296	24951
25781	1171
26797	26875
32323	12249
26159	31102
10183	31256
24053	48131
32977	45307
15113	27190
4082	8840
24939	29951
44070	28501
8764	41175
15752	954
15608	41660
19962	34273
26797	32347
36601	7150
32747	39909
32530	4809
88	37003
16847	45758
32862	7613
31788	21736
3285	15507
2978	36615
6709	22107
15084	9311
19058	24224
44568	35632
39200	46951
45926	48848
38984	37703
27472	28040
16186	10084
30623	6409
1650	12787
12840	17755
1283	23420
18103	1027
16973	6993
18478	12668
36701	2545
13082	10185
25389	21107
9549	29076
38946	6015
1459	411
1385	43942
47111	44837
3241	21290
31264	25831
10192	23017
14235	16583
3619	7797
32527	11038
39506	25711
46047	43861
47016	5283
5830	38177
34370	41379
4969	8685
43173	4420
27274	42440
7667	31812
9443	47579
2151	40775
14329	11674
13327	15633
34885	21325
7425	3767
12915	44450
38883	23833
43328	49870
14503	19980
26718	3756
42438	34012
22709	14632
6884	34255
6490	14319
25623	48133
39268	40770
4190	24549
48827	4724
12443	32319
38787	13843
27244	21136
9783	28564
31264	21331
14406	28029
19433	6868
49265	35007
9591	34311
23801	12887
12837	3795
44033	3341
24011	14277
38857	48520
47631	30938
35953	11365
45567	21707
26181	26787
48884	19724
1517	38156
18180	853
16108	45461
25496	20144
30204	36945
30933	42636
3137	23712
15988	29618
69	29813
12026	43942
42323	46552
6034	14844
15003	18055
29587	44631
39367	46163
48495	32338
15882	30099
46512	46475
45984	1735
39553	40576
46188	44452
43933	31391
39404	32541
22802	32083
8014	29420
23252	29104
6282	23538
8222	25506
25879	31381
33704	48446
47008	47355
23786	7241
38071	37278
19201	41563
28132	49711
19608	32235
19035	15665
22367	18139
36777	17411
8610	10653
43801	36176
5876	3260
29657	18247
19041	37625
10323	6080
17447	19635
14663	42891
21964	27071
36748	30997
10747	31120
39207	45560
5347	41043
31464	26004
45816	20665
47970	23463
22443	16630
49857	43834
29730	2938
16049	17828
22891	17774
41673	15842
39732	28517
46243	42954
2798	26524
32512	46458
39429	26047
941	10735
5826	21774
4453	40534
46680	28487
4853	49077
13219	9507
15653	20160
47018	36444
894	23974
21315	35969
13326	47178
42817	38880
16698	30595
11976	26196
18216	15216
9836	30608
34435	38955
9596	40844
36227	29955
26671	35906
40460	44452
26257	4271
47517	9629
31756	8762
28046	40484
30089	48289
45739	48526
20825	46507
