500	10398033
44852	44731
28482	48693
27445	32457
3694	16803
21576	10574
7681	15583
41615	12350
25185	15917
33958	35196
27576	15153
31254	38458
26004	549
32388	6825
32805	499
16635	2973
27403	40926
20714	26002
43605	27429
29798	40777
35462	10101
44286	1329
1627	39710
35688	45051
39079	14165
31288	41280
40424	39791
15996	49479
11250	23265
44986	13313
38252	37862
15042	45630
26037	16517
8679	1086
7122	40490
46515	47017
29018	29592
49768	9968
6195	4451
32870	29790
29647	38598
11230	38229
7605	7740
20805	26062
6990	29283
36938	25417
154	4175
42216	3711
23795	32882
17502	17717
46302	46726
25842	6275
35510	27956
2891	18118
9340	28013
22223	32958
15993	3437
6601	13708
4633	34681
32177	22244
23487	31838
48892	48013
48840	34004
6809	2811
41218	16760
5373	33490
31608	29808
2746	41916
44617	3388
21244	13758
38671	25048
49788	8377
44570	46403
27829	808
45189	1959
934	16881
44797	26039
47850	10972
44798	35954
1701	32576
35704	49611
4447	16483
19349	7010
39096	31353
20700	21199
5534	9183
40165	33525
9688	13078
49986	6328
40757	15325
49968	48237
6668	36888
16152	31827
30488	29223
25976	1828
29085	31540
28915	11075
44048	38568
11067	49921
10467	15299
8072	36456
36635	27203
11062	4271
15292	39939
46640	37392
24874	16386
6962	4035
10080	19009
14418	45156
24762	38881
46008	33013
36652	16296
11683	22014
22433	14344
26211	49514
17671	11760
12815	22285
24732	23670
40561	16593
45706	48856
34496	41793
8738	40395
38562	3856
5704	40474
29002	4760
9965	11016
18583	30360
6402	49373
2005	17271
5805	43128
8097	3219
45319	27986
17095	38739
4524	719
11381	3402
46026	6975
8571	26388
40725	1097
32837	12208
24562	24997
27717	312
37397	26832
35647	26226
16593	12686
30251	32023
6554	32446
11826	24554
44084	8154
40070	13382
35166	43539
29118	48328
34577	38684
41669	35541
49414	40932
31858	32208
18572	36655
24564	13758
33913	6056
38308	13262
10804	33204
27193	20975
48656	6882
16812	44314
28036	22340
40215	25965
48448	6609
48132	37191
4674	19409
27948	45664
9727	39583
40392	19112
30130	4516
44713	37847
16057	25177
49888	49986
11964	30547
1855	25817
49291	30066
20492	37829
17623	33732
39246	33895
36316	31607
1760	29975
17366	37342
43840	25840
35605	27332
36462	23559
48701	36086
20176	4493
35795	2293
1044	7148
26379	10330
39149	33494
1760	8029
14093	26091
22531	45396
17568	42899
39630	26690
6103	39678
39976	30306
22229	14336
10173	4248
38843	28656
25598	45220
17156	5891
33231	31690
13666	28405
27712	31583
16466	39079
20750	45568
17900	4137
47020	3690
7069	13611
9464	15683
10473	11844
26225	35368
42027	14587
34348	5368
49730	23004
1220	45009
4057	12464
2254	44127
6935	16573
14747	32392
46868	45733
13938	20963
49050	1596
5509	17258
34669	33665
17389	29310
37396	4601
14612	37301
20568	47987
20229	39234
6930	5975
5825	4958
38330	1597
15179	11165
34342	3450
6584	48551
13128	38037
29942	17304
20372	30118
27126	1419
27930	16732
27702	4808
46136	25408
38517	46958
25658	42177
30937	40183
38806	44961
35395	13905
4493	16645
11284	9391
10697	39738
26794	46011
29376	13893
8207	17559
14068	22431
46529	340
14532	27674
10134	36973
36670	37150
41488	21956
11964	38507
10623	47517
47778	8284
6067	13390
17165	37186
47416	34704
45612	34822
39573	2245
6683	39454
48404	40316
48314	11684
39210	1046
42893	929
45905	2417
19179	15297
38407	43513
48082	46193
28699	39873
44271	12000
15911	31267
37963	26933
36874	34517
37802	20785
48052	26079
18031	49059
45523	11137
16798	12055
35689	16282
24649	37874
35767	1266
2243	31215
40646	42163
29540	37078
3797	17645
23507	13162
37364	17259
35499	13399
23432	27971
4177	12873
26840	14765
1390	42316
3721	12045
45649	16461
15252	23762
18351	21748
18669	19935
25252	6748
23527	29983
30791	17386
4902	37943
43693	9770
47403	3356
26352	14746
26147	30044
18350	30034
49673	9752
13593	46278
14637	24356
23876	43346
3426	27528
39486	35528
23568	16370
37509	33722
26446	21869
7509	44361
1077	14986
30088	15149
42816	3020
3293	684
29025	29083
49424	1168
37069	25102
40584	15545
7634	42762
43831	24188
35436	30573
19968	12976
20600	44527
28551	29676
42663	35995
18055	32240
25843	40406
25777	46307
31708	37581
19407	21016
40020	34320
36121	47942
37939	32177
38791	45068
31129	7360
2376	48625
27791	22173
12887	17071
35453	38698
8152	42879
2331	38123
2332	11765
942	29810
20849	46914
25989	2954
44343	31522
38426	8361
6022	33327
24418	23746
31388	23549
35971	35946
5239	25970
6286	5807
36487	49268
41611	30885
41281	34687
19983	46809
10332	40242
10275	10851
17533	11913
13898	38016
7397	30883
28001	11149
12791	28277
10223	2158
42314	4884
49435	37573
13594	48676
4571	6996
2827	13858
3483	3993
23634	25674
26289	9369
44498	34576
33882	1530
17936	27972
28337	32321
37347	36064
32811	37663
34820	39348
36462	33771
27967	39613
5475	29588
37765	44443
8305	38996
10489	7532
33658	45207
23911	285
41979	18381
22965	16066
21352	44918
6119	9298
17556	23147
21817	23010
8458	113
48537	14262
13960	35711
49762	49071
1053	5766
11226	11379
1880	1469
19731	36614
4762	45969
24111	48774
27081	6927
38034	2366
37762	49319
13846	18472
17065	16406
38619	18314
20582	32117
21807	22080
1100	10422
7605	34558
10345	3265
49291	34746
4800	29669
16467	23148
9891	26008
35907	1831
14311	5290
47942	16930
36579	44844
44658	18795
6459	28194
47836	48231
3944	8888
3573	2364
11059	32900
20665	999
29952	21396
27224	44605
26583	22808
20628	8409
40039	7775
23153	24108
14175	1504
12451	26328
22567	41379
7587	23665
10695	29579
10166	36624
8281	32938
1435	19557
30717	290
6895	48876
15281	35636
1767	42709
17476	46396
40129	27609
15571	34129
12094	39707
18769	41642
45559	36911
32272	1261
31590	19832
27233	39059
2126	14239
22997	34367
30529	31964
23275	17884
48734	9529
42795	20591
2461	38062
43149	44929
20290	18281
40022	8227
15105	38710
40632	13117
16316	49814
49909	6902
6482	39184
1480	25086
48026	18802
5414	48536
33755	44355
47136	21416
16993	26114
19792	23819
2670	20781
26256	28620
38497	17120
