500	2035769
30873	23069
10165	3564
46032	30582
24109	37197
3904	16574
14614	36386
7065	48468
22834	14913
5974	22754
47050	49070
36343	33157
34606	36538
32833	7989
48288	8909
2060	9943
32514	27306
32723	40044
31755	23836
14579	30079
11915	24070
40150	15551
40275	33254
10472	24241
481	3312
22512	34880
41484	17417
24192	14300
246	33899
8785	43548
10979	10475
12182	12563
14113	25686
18018	23150
23506	22289
17360	20694
39294	26476
13653	36914
27430	11946
35034	2560
17419	13701
38266	11339
41991	48328
18706	42234
33485	44747
43942	46663
9433	21704
839	22590
26808	47075
16866	37374
31113	16143
33021	35916
32364	10248
29099	15999
40471	33480
32805	38893
4919	48167
23404	20372
34610	7293
32161	15615
49405	42859
44898	9926
4301	17407
16493	26327
37853	6611
24527	40812
12739	49177
37725	219
25871	49129
9305	11905
15614	36729
17940	35365
37372	39701
35878	24149
28879	16822
14669	21783
5905	24168
43254	44933
19387	47797
158	41519
26048	29147
18030	25192
3759	42367
32370	16507
26290	46093
48987	39417
17296	36972
43718	1717
15353	24706
48855	25490
16933	45025
20012	40016
27486	19177
17792	169
23440	27664
22315	3969
20295	20944
37330	35703
40603	44370
45682	37534
1298	32566
36968	12464
12799	16821
36192	9182
44860	10466
33431	34984
19525	19025
25334	17505
8880	35024
30333	2813
18529	46686
27972	37172
48344	23978
37351	10123
39952	42829
23502	22902
11456	666
36758	17923
32713	20098
21449	12775
13991	12176
42086	10487
18778	48824
9876	38660
9913	38686
42459	16552
39742	38382
39451	18154
21122	24953
36866	29021
28904	7081
20174	26939
22418	34253
49203	39008
29857	3195
20529	5319
42203	46194
15140	43355
37561	46964
27198	12967
23418	7891
39903	46548
19713	37353
21772	31754
28666	22441
26398	24232
47309	9510
31630	8559
20124	47987
28921	9759
23955	10538
13030	15949
3688	28621
34736	14965
48208	25255
29930	41128
38480	12729
4137	8785
18987	41483
35796	13481
36272	27963
38535	11608
2805	41303
13349	32164
21963	23656
46090	39881
12657	47811
37550	29564
26333	4743
42468	41657
9800	21581
34165	24660
34866	12724
44986	3905
44268	46177
23244	49306
26900	12005
19712	4135
6949	43362
2734	31354
6231	31491
9508	4373
26212	37986
5638	8852
37714	46472
1858	41795
6195	34229
32313	49164
29136	21043
40166	36278
4380	7605
36798	47945
28071	24441
44855	39870
668	17845
12973	23509
1307	34990
829	42205
18346	4926
41273	28957
14758	27895
40851	35783
5592	46639
7346	46006
10642	12405
30757	43052
10325	7765
19410	40488
36957	28946
28371	15494
32465	10274
14306	19813
5409	24687
26140	36878
7187	5712
1033	3258
3401	5159
33945	9581
13709	19688
5782	15
28725	22521
25676	39784
31742	10388
37137	43003
47414	22453
14792	37084
1793	24821
47388	19853
35226	25129
26375	314
2571	2751
6188	33403
41986	48749
16643	4385
28435	41581
21063	15782
9060	35208
10440	4457
3380	19231
19138	5124
14644	27861
5868	46195
28602	39913
5331	10722
33372	7159
9088	13863
24234	33278
46253	18546
1503	25596
48849	37521
38478	4836
1034	44010
48111	5789
27795	17565
40136	39874
25628	6740
2494	8832
25098	37504
7985	39939
40879	30626
32052	25376
5346	23899
15971	36594
25552	48575
27549	47067
42168	29007
35956	22908
1811	22996
2795	34682
31996	43733
33611	24538
32113	967
41698	48677
28753	9952
21381	30367
21229	32686
37632	36093
14906	2707
29266	8570
34234	36124
45060	3985
16274	7807
18043	1633
22493	26596
39910	19788
29176	37001
23435	29079
17035	37303
171	208
23823	46590
35908	2726
45983	1693
46045	19071
24223	927
17267	36016
36957	1278
18010	6579
13569	8168
35291	9226
34879	40102
45626	34813
41701	43592
22620	38354
14710	31232
10497	34178
18229	30969
45252	9055
1705	10221
5626	35130
20064	36911
431	6472
21917	42789
49680	1529
47065	31477
3420	1361
14159	39317
36788	22006
34855	3600
17226	15743
13987	15369
48343	31906
16167	38316
4265	6691
26676	25106
870	23339
13908	8999
42527	15694
40002	31547
17145	31983
21897	48692
18769	3960
34537	41646
45919	46869
36581	760
44366	10440
20872	166
41121	17189
44388	10590
40754	11875
30060	49482
26273	46728
33490	16755
19586	18930
14380	28786
1669	40889
49162	4897
18642	23689
21521	5411
1634	24094
6726	41310
14232	38174
46045	48378
28572	35601
13724	530
23113	29321
32016	11269
12622	20644
24092	17110
11509	17568
37582	7219
33597	9855
29427	48556
39725	20071
38075	23549
17069	26021
22488	762
29420	9626
27782	17448
7250	29814
4069	14270
39415	30607
4118	32838
13139	4297
3601	24983
15863	14342
48270	4231
23714	13563
12835	35071
11472	17367
43251	9638
35196	5248
47711	28534
26331	1460
13838	1382
1172	26627
16595	46109
47323	18897
41757	36671
992	515
7265	13599
18895	41938
22451	49506
18111	10392
26291	22681
36264	41465
14178	34022
40016	10085
28266	4340
16289	32133
43518	19418
9818	36205
4958	15529
14586	36751
41003	10107
44475	23863
8996	21704
15963	31245
1102	21896
6184	44961
11398	16514
15410	17407
36821	35845
34086	27895
15087	42202
18001	22454
33254	11106
48951	16025
35485	32246
4919	11044
42935	32491
7521	6241
33387	11467
5677	24126
28788	33882
12067	24717
11191	9574
5195	48928
20363	7154
10021	5409
47499	11355
21791	31014
14737	13793
806	44418
21404	20233
15030	33299
40880	43891
49921	31318
34259	30315
46768	35045
11939	48433
15009	4573
6144	1185
41120	9707
11010	46329
22012	40685
25080	7080
27443	25003
25616	2561
356	5194
24341	33655
42356	14807
18330	14472
22510	3284
22858	10462
17654	631
2219	23497
2797	2796
26037	12599
18327	40980
13938	29851
46633	6994
33200	33216
5733	23457
20127	30493
1540	10557
25016	26042
24348	6522
6750	45424
23599	7381
2449	45243
34353	4831
44377	45947
4527	217
24990	29642
30714	14358
23939	43965
16469	33068
27226	16135
15783	6267
36334	43376
35797	24138
30353	2403
47025	25935
48991	35795
20539	49661
44796	13140
17021	35149
23912	34521
34324	42932
19320	28575
27729	49969
11878	22655
45824	45193
7741	8736
10605	16223
48872	41330
46676	26017
10945	29160
10749	37434
16038	37061
29589	17500
