500	6086719
20996	31012
45026	28033
6322	26321
30612	16807
941	31813
18025	5064
43728	5735
5520	34544
48427	5632
3885	17780
19472	3285
22010	20012
4818	25429
30496	43077
1008	17110
16327	39457
10084	2867
30220	21802
5830	34928
46247	23315
29106	3496
23134	7257
18266	2862
26250	30083
41626	13070
22282	25739
38381	31164
30072	35842
26	36705
19185	29586
23001	25076
25543	12850
47279	44195
39408	12990
34649	43094
18817	15751
5276	1138
5392	6022
43593	27542
43626	27055
28434	42595
31870	42755
48413	46560
39202	40826
12873	39833
7085	10606
33125	610
5923	41691
40179	38882
24281	23880
4061	42695
27304	9081
31054	20811
44170	32775
5217	2291
18492	3724
38884	38044
19466	34298
25226	4361
14453	2143
36756	17691
14983	25012
26963	48392
11136	31419
21775	29455
45516	14804
20926	8769
44479	37135
46689	48018
14041	21219
21515	9597
5564	48624
28358	28717
47840	15092
32157	14249
38648	20342
14453	34920
31499	19321
16078	38106
41471	764
9312	3591
48785	11822
45303	18466
28766	9966
46189	12915
39143	37421
11778	36231
9058	5533
45034	39032
2228	17350
44090	16037
49579	9754
46683	6158
41623	18213
8829	25478
41802	17993
3375	32571
43460	18097
45182	40669
18030	21756
12674	6768
26155	34413
45240	812
5583	49318
20672	48211
27053	34769
42800	22124
12167	8767
44878	32595
29910	14077
21773	36766
4597	27029
46000	23292
40767	26946
20947	46283
22650	31722
22653	47456
43318	15509
27673	12884
46552	45983
33328	36412
42331	12290
45267	34541
31363	47620
1580	47233
39549	13279
46513	38181
37739	194
42376	29874
38761	674
4081	32699
21018	33734
27421	48652
21857	12935
42733	23215
42850	7335
29398	49367
5026	17612
23026	43004
28097	29195
30736	7951
38373	11689
39273	18485
39752	45890
10196	34213
39344	24177
6958	19672
10822	21420
18442	24167
38159	248
48589	7794
12439	23140
14919	23741
36261	36709
13695	26415
41024	47555
20698	20345
6860	15024
28608	44490
29808	9785
16258	31308
46109	26020
40209	38231
19305	31433
18244	43752
8061	13066
22032	9728
41045	405
6898	22926
47202	32862
18245	17322
39581	21328
28210	8576
46253	5674
2070	17557
47028	42470
999	21813
18337	12279
25693	33601
8440	18363
43697	19143
16091	4442
4436	31305
25639	20395
27459	28225
37893	32417
33046	13993
24118	49822
48149	14505
669	10765
36546	19145
24474	6416
21508	15029
31684	28564
10391	31090
47084	35781
38859	18382
16554	38717
8346	41087
34423	45515
48871	4788
39064	5625
27227	29446
17772	41735
32165	24745
30924	15455
7011	33030
12873	30372
5624	29627
6311	40189
37840	11794
2675	24093
35848	34894
31241	20515
13292	20197
6016	15109
35445	46502
14025	40625
30457	43666
9987	28494
28164	39393
5474	12921
11346	22037
7117	11771
6677	7963
7408	8654
5008	44918
44322	48244
29800	32305
9955	22899
41301	28121
8695	1319
20230	43879
37075	39701
7425	43070
4433	35321
44387	27907
17597	3401
38028	47603
37020	43434
46189	24537
35834	49397
47085	30442
20500	44321
18584	41052
440	47900
4181	15371
11933	39818
15225	35725
15261	36573
40708	120
46023	27998
46107	24065
33267	26739
45825	11569
23087	9576
48444	27271
28641	5966
4210	23955
6257	12106
10441	41457
7914	6491
20156	24639
8923	41833
33627	22227
21164	2547
110	38684
22509	31245
33489	25032
10468	42685
31908	42989
8391	16203
11207	7071
44049	9255
21342	16016
12258	29481
21365	39420
35625	40243
39734	9353
35718	47889
31519	9286
37053	49114
35205	44880
18462	26969
38463	40649
4008	3325
19500	36315
31243	34917
10011	45152
10924	39571
14970	7764
10240	28796
29298	42481
10401	21263
20319	15091
15109	27537
29369	24216
46308	28598
21297	20359
47068	13622
2550	30757
12446	11179
8441	30267
43284	9346
18390	8055
2686	40272
17964	28838
23510	37760
35993	18966
39426	16885
10495	17897
45329	4483
43150	6947
15304	45257
32462	33126
19445	1471
40896	6933
21954	2534
13460	12518
21354	16169
32049	29867
32136	43936
48061	40864
16153	36722
8655	25991
27167	41507
42137	17830
14653	31792
9200	2788
14306	5317
48149	34156
31825	41830
34112	12086
560	8224
46550	10931
10740	30769
215	22918
25213	40642
27774	47333
1033	16598
23046	20080
41928	17615
1662	25351
11676	6058
19656	40825
21580	41071
13311	16422
983	19933
23338	34088
32411	6066
7549	30799
23267	3832
14643	28406
18331	48531
18809	41612
41387	11362
16027	36387
35465	40270
14472	21600
37553	43483
3989	3790
17477	34937
3134	12201
33685	9166
29098	37704
1528	10710
24696	3010
5547	25904
37283	37843
31997	28085
24877	6254
24046	28011
27883	32549
47033	10439
40517	17890
35289	14133
17573	29957
33363	47730
23314	6811
40183	45532
31044	45152
17301	3360
46255	11789
37881	20809
22177	22300
41079	47968
25947	41958
30366	22017
25134	29710
20867	46378
41956	4107
46220	45888
27223	8162
31591	4745
46783	2586
25367	42852
42803	36442
1792	19988
10392	28972
28656	44831
41068	30206
16875	40642
5041	6395
48779	36209
17341	46641
12538	25960
26883	27828
34248	1753
25741	3625
41656	31208
44646	9638
18331	39094
40860	7016
36683	25169
7740	15662
37300	17417
26861	4631
27991	214
48837	47982
5051	33177
31926	25453
44559	33311
19239	8005
12478	43615
12374	6889
45609	31196
40460	47880
25609	10846
43996	30017
22950	15238
43582	12382
12424	42324
38524	17541
41544	27914
5778	4341
20792	28894
14745	31130
49769	8451
25491	30605
41019	2700
24940	17296
23175	29574
304	10418
2849	49399
21763	14969
2694	43633
36800	18263
40987	1419
43798	10344
39945	22828
28089	10938
18722	32996
17970	23511
25812	41498
29464	5647
2639	28487
44541	38904
37872	22182
22248	979
13361	36235
27364	10882
2110	35182
45086	3686
19330	19566
49144	5588
17063	85
22476	23985
22243	40314
48700	19668
15056	40948
47019	46437
37138	2636
13139	23892
18077	35639
28789	25800
16267	14925
10038	2375
14421	27364
4422	1574
14671	5740
33549	8535
46994	5296
22691	42926
45050	20549
19818	10918
896	10130
16364	43356
44015	23700
42419	12898
4025	18799
1099	27924
9349	3538
30730	42365
63	26709
48071	28688
20051	25805
942	29951
44631	27380
48614	9615
11781	1369
